[1, 2, 4, 5, 10, 20, 71, 142, 284, 355, 710, 1420]
[1, 2, 4, 5, 10, 20, 71, 142, 284, 355, 710, 1420]
[1, 3, 5, 15, 181, 543, 905, 2715]
[1, 2, 3, 5, 6, 9, 10, 15, 18, 30, 31, 45, 62, 90, 93, 155, 186, 279, 310, 465, 558, 930, 1395, 2790]
[1, 2141]
[1, 5, 19, 95, 361, 1805]
[1, 2, 5, 10, 79, 158, 395, 790]
[1, 5, 25, 59, 295, 1475]
[1, 5, 25, 59, 295, 1475]
[1, 2, 5, 10, 193, 386, 965, 1930]
[1, 2, 3, 6, 199, 398, 597, 1194]
[1, 5, 79, 395]
[1, 2, 5, 10, 47, 94, 235, 470]
[1, 2, 5, 10, 19, 38, 95, 190]
[1, 2, 5, 10, 19, 38, 95, 190]
[1, 2, 5, 10, 19, 38, 95, 190]
[1, 2, 5, 10, 19, 38, 95, 190]
[1, 2, 5, 10, 19, 38, 95, 190]
[1, 2, 5, 10, 19, 38, 95, 190]
[1, 2, 5, 10, 19, 38, 95, 190]
[1, 2, 4, 5, 10, 11, 20, 22, 25, 44, 50, 55, 100, 110, 220, 275, 550, 1100]
[1, 2, 3, 5, 6, 9, 10, 11, 15, 18, 22, 30, 33, 45, 55, 66, 90, 99, 110, 165, 198, 330, 495, 990]
[1, 5, 7, 35, 49, 245]
[1, 3, 5, 15, 101, 303, 505, 1515]
[1, 2, 3, 4, 5, 6, 8, 10, 12, 15, 16, 20, 24, 30, 32, 40, 48, 60, 64, 80, 96, 120, 128, 160, 192, 240, 320, 384, 480, 640, 960, 1920]
[1, 1427]
[1, 2, 3, 4, 5, 6, 8, 10, 12, 15, 16, 20, 24, 30, 40, 48, 60, 80, 120, 240]
[1, 3, 5, 9, 15, 31, 45, 93, 155, 279, 465, 1395]
[1, 2, 4, 5, 7, 8, 10, 14, 16, 20, 25, 28, 35, 40, 50, 56, 70, 80, 100, 112, 140, 175, 200, 280, 350, 400, 560, 700, 1400, 2800]
[1, 3, 5, 7, 15, 21, 35, 105]
[1, 5, 7, 25, 35, 125, 175, 875]
[1, 5, 89, 445]
[1, 2, 3, 4, 5, 6, 10, 12, 15, 20, 25, 30, 50, 60, 75, 100, 150, 300]
[1, 2, 3, 4, 5, 6, 10, 12, 15, 20, 25, 30, 50, 60, 75, 100, 150, 300]
[1, 2, 4, 5, 10, 20]
[1, 2, 4, 8, 16, 107, 214, 428, 856, 1712]
[1, 2, 3, 6, 9, 18, 71, 142, 213, 426, 639, 1278]
[1, 2, 3, 4, 5, 6, 8, 9, 10, 12, 15, 18, 20, 24, 25, 30, 36, 40, 45, 50, 60, 72, 75, 90, 100, 120, 150, 180, 200, 225, 300, 360, 450, 600, 900, 1800]
[1, 2, 5, 7, 10, 14, 25, 35, 50, 70, 175, 350]
[1, 2, 5, 7, 10, 14, 25, 35, 50, 70, 175, 350]
[1, 5, 439, 2195]
[1, 2, 3, 5, 6, 10, 15, 30, 47, 94, 141, 235, 282, 470, 705, 1410]
[1, 2, 4, 5, 10, 20, 97, 194, 388, 485, 970, 1940]
[1, 2, 3, 4, 5, 6, 9, 10, 12, 15, 18, 20, 30, 36, 45, 60, 90, 180]
[1, 2, 5, 10, 163, 326, 815, 1630]
[1, 2, 5, 10, 149, 298, 745, 1490]
[1, 2, 5, 10, 149, 298, 745, 1490]
[1, 3, 883, 2649]
[1, 2, 4, 11, 22, 41, 44, 82, 164, 451, 902, 1804]
[1, 2, 4, 89, 178, 356]
[1, 2, 3, 4, 5, 6, 7, 10, 12, 14, 15, 20, 21, 28, 30, 35, 42, 60, 70, 84, 105, 140, 210, 420]
[1, 5, 577, 2885]
[1, 2, 5, 7, 10, 14, 23, 35, 46, 70, 115, 161, 230, 322, 805, 1610]
[1, 2, 3, 4, 5, 6, 7, 9, 10, 12, 14, 15, 18, 20, 21, 28, 30, 35, 36, 42, 45, 60, 63, 70, 84, 90, 105, 126, 140, 180, 210, 252, 315, 420, 630, 1260]
[1, 2, 3, 4, 5, 6, 8, 10, 11, 12, 15, 20, 22, 24, 30, 33, 40, 44, 55, 60, 66, 88, 110, 120, 132, 165, 220, 264, 330, 440, 660, 1320]
[1, 2, 3, 4, 5, 6, 8, 10, 11, 12, 15, 20, 22, 24, 30, 33, 40, 44, 55, 60, 66, 88, 110, 120, 132, 165, 220, 264, 330, 440, 660, 1320]
[1, 3, 5, 7, 15, 21, 25, 35, 75, 105, 175, 525]
[1, 3, 5, 7, 15, 21, 25, 35, 75, 105, 175, 525]
[1, 3, 5, 7, 15, 21, 25, 35, 75, 105, 175, 525]
[1, 3, 79, 237]
[1, 3, 79, 237]
[1, 2, 4, 5, 10, 20, 83, 166, 332, 415, 830, 1660]
[1, 1933]
[1, 5, 31, 155]
[1, 2, 3, 5, 6, 9, 10, 15, 18, 29, 30, 45, 58, 87, 90, 145, 174, 261, 290, 435, 522, 870, 1305, 2610]
[1, 2, 3, 5, 6, 9, 10, 15, 18, 29, 30, 45, 58, 87, 90, 145, 174, 261, 290, 435, 522, 870, 1305, 2610]
[1, 2, 3, 5, 6, 9, 10, 15, 18, 29, 30, 45, 58, 87, 90, 145, 174, 261, 290, 435, 522, 870, 1305, 2610]
[1, 2, 3, 5, 6, 9, 10, 15, 18, 29, 30, 45, 58, 87, 90, 145, 174, 261, 290, 435, 522, 870, 1305, 2610]
[1, 2, 4, 5, 8, 10, 20, 40, 67, 134, 268, 335, 536, 670, 1340, 2680]
[1, 2, 3, 4, 5, 6, 10, 12, 15, 20, 29, 30, 58, 60, 87, 116, 145, 174, 290, 348, 435, 580, 870, 1740]
[1, 5, 227, 1135]
[1, 3, 241, 723]
[1, 5, 25, 31, 155, 775]
[1, 5, 25, 31, 155, 775]
[1, 2, 5, 7, 10, 14, 17, 34, 35, 70, 85, 119, 170, 238, 595, 1190]
[1, 7, 337, 2359]
[1, 2, 3, 6, 9, 18, 29, 58, 87, 174, 261, 522]
[1, 2, 3, 6, 9, 18, 29, 58, 87, 174, 261, 522]
[1, 3, 283, 849]
[1, 2, 5, 10, 11, 22, 25, 50, 55, 110, 275, 550]
[1, 2, 4, 5, 8, 10, 20, 25, 40, 50, 100, 200]
[1, 5, 13, 25, 65, 325]
[1, 5, 241, 1205]
[1, 2, 149, 298]
[1, 5, 241, 1205]
[1, 5, 241, 1205]
[1, 2, 3, 4, 6, 12, 71, 142, 213, 284, 426, 852]
[1, 2, 379, 758]
[1, 2, 4, 5, 8, 10, 20, 40]
[1, 2, 4, 5, 8, 10, 20, 40]
[1, 5, 7, 13, 25, 35, 65, 91, 175, 325, 455, 2275]
[1, 5, 7, 35, 53, 265, 371, 1855]
[1, 5, 7, 35, 53, 265, 371, 1855]
[1, 5, 7, 35, 53, 265, 371, 1855]
[1, 2, 4, 5, 8, 10, 16, 20, 25, 32, 40, 50, 80, 100, 160, 200, 400, 800]
[1, 5, 7, 11, 35, 55, 77, 385]
[1, 5, 7, 11, 35, 55, 77, 385]
[1, 5, 7, 11, 35, 55, 77, 385]
[1, 5, 7, 11, 35, 55, 77, 385]
[1, 5, 457, 2285]
[1, 5, 457, 2285]
[1, 5, 67, 335]
[1, 3, 5, 15, 23, 25, 69, 75, 115, 345, 575, 1725]
[1, 3, 9, 27, 81, 243]
[1, 2, 4, 5, 8, 10, 20, 40, 41, 82, 164, 205, 328, 410, 820, 1640]
[1, 5, 269, 1345]
[1, 5, 101, 505]
[1, 5, 181, 905]
[1, 5, 181, 905]
[1, 2, 4, 5, 10, 20, 101, 202, 404, 505, 1010, 2020]
[1, 5, 7, 25, 35, 125, 175, 875]
[1, 2, 661, 1322]
[1, 2, 4, 13, 26, 52]
[1, 5, 487, 2435]
[1, 5, 487, 2435]
[1, 2, 5, 10, 25, 37, 50, 74, 185, 370, 925, 1850]
[1, 5, 53, 265]
[1, 5, 53, 265]
[1, 5, 25, 107, 535, 2675]
[1, 3, 5, 7, 15, 19, 21, 35, 57, 95, 105, 133, 285, 399, 665, 1995]
[1, 3, 5, 15, 17, 51, 85, 255]
[1, 2, 3, 4, 5, 6, 10, 12, 15, 20, 30, 41, 60, 82, 123, 164, 205, 246, 410, 492, 615, 820, 1230, 2460]
[1, 5, 19, 95]
[1, 5, 19, 95]
[1, 5, 25, 29, 145, 725]
[1, 5, 25, 29, 145, 725]
[1, 5, 103, 515]
[1, 3, 5, 15, 131, 393, 655, 1965]
[1, 2, 4, 5, 10, 20, 59, 118, 236, 295, 590, 1180]
[1, 2, 4, 5, 8, 10, 20, 40, 59, 118, 236, 295, 472, 590, 1180, 2360]
[1, 557]
[1, 2, 3, 5, 6, 9, 10, 15, 18, 27, 30, 45, 54, 81, 90, 135, 162, 270, 405, 810]
[1, 3, 5, 9, 15, 41, 45, 123, 205, 369, 615, 1845]
[1, 2, 4, 5, 10, 20, 53, 106, 212, 265, 530, 1060]
[1, 2, 4, 5, 10, 20, 53, 106, 212, 265, 530, 1060]
[1, 5, 11, 17, 55, 85, 187, 935]
[1, 2, 4, 5, 10, 20, 53, 106, 212, 265, 530, 1060]
[1, 2, 5, 10, 127, 254, 635, 1270]
[1, 2, 3, 5, 6, 10, 15, 29, 30, 58, 87, 145, 174, 290, 435, 870]
[1, 2, 5, 10, 25, 50, 125, 250, 625, 1250]
[1, 2, 3, 4, 5, 6, 8, 9, 10, 12, 15, 16, 18, 20, 24, 30, 36, 40, 45, 48, 60, 72, 80, 90, 120, 144, 180, 240, 360, 720]
[1, 2, 4, 5, 8, 10, 20, 40, 53, 106, 212, 265, 424, 530, 1060, 2120]
[1, 2, 5, 10, 67, 134, 335, 670]
[1, 7, 29, 49, 203, 1421]
[1, 2, 3, 5, 6, 10, 15, 30, 79, 158, 237, 395, 474, 790, 1185, 2370]
[1, 2, 3, 4, 5, 6, 10, 12, 15, 20, 30, 37, 60, 74, 111, 148, 185, 222, 370, 444, 555, 740, 1110, 2220]
[1, 2, 3, 4, 5, 6, 8, 10, 12, 15, 20, 24, 30, 40, 60, 120]
[1, 2, 3, 5, 6, 9, 10, 15, 18, 25, 30, 45, 50, 75, 90, 125, 150, 225, 250, 375, 450, 750, 1125, 2250]
[1, 5, 7, 19, 35, 95, 133, 665]
[1, 2, 3, 4, 6, 9, 12, 18, 36, 37, 74, 111, 148, 222, 333, 444, 666, 1332]
[1, 2, 5, 10, 11, 22, 55, 110, 121, 242, 605, 1210]
[1, 2, 5, 10, 11, 22, 55, 110, 121, 242, 605, 1210]
[1, 2, 5, 10, 11, 22, 55, 110, 121, 242, 605, 1210]
[1, 5, 13, 31, 65, 155, 403, 2015]
[1, 5, 13, 31, 65, 155, 403, 2015]
[1, 5, 379, 1895]
[1, 5, 281, 1405]
[1, 5, 281, 1405]
[1, 5, 281, 1405]
[1, 5, 439, 2195]
[1, 3, 5, 9, 11, 15, 33, 45, 55, 99, 165, 495]
[1, 2, 5, 10, 109, 218, 545, 1090]
[1, 2, 4, 5, 7, 8, 10, 14, 16, 20, 28, 35, 40, 56, 70, 80, 112, 140, 280, 560]
[1, 5, 457, 2285]
[1, 3, 5, 15, 67, 201, 335, 1005]
[1, 2, 5, 10, 137, 274, 685, 1370]
[1, 5, 337, 1685]
[1, 5, 337, 1685]
[1, 5, 337, 1685]
[1, 5, 337, 1685]
[1, 5, 61, 305]
[1, 2, 4, 5, 8, 10, 13, 20, 25, 26, 40, 50, 52, 65, 100, 104, 130, 200, 260, 325, 520, 650, 1300, 2600]
[1, 2, 4, 5, 8, 10, 13, 20, 25, 26, 40, 50, 52, 65, 100, 104, 130, 200, 260, 325, 520, 650, 1300, 2600]
[1, 2, 4, 5, 8, 10, 13, 20, 25, 26, 40, 50, 52, 65, 100, 104, 130, 200, 260, 325, 520, 650, 1300, 2600]
[1, 3, 5, 9, 15, 25, 45, 75, 125, 225, 375, 1125]
[1, 3, 5, 9, 15, 25, 45, 75, 125, 225, 375, 1125]
[1, 3, 5, 9, 15, 25, 45, 75, 125, 225, 375, 1125]
[1, 3, 5, 9, 15, 25, 45, 75, 125, 225, 375, 1125]
[1, 2, 3, 5, 6, 10, 11, 15, 22, 30, 33, 55, 66, 110, 165, 330]
[1, 5, 23, 25, 115, 575]
[1, 5, 23, 25, 115, 575]
[1, 5, 23, 25, 115, 575]
[1, 2, 3, 4, 6, 9, 12, 18, 29, 36, 58, 87, 116, 174, 261, 348, 522, 1044]
[1, 2, 5, 7, 10, 14, 25, 35, 50, 70, 175, 350]
[1, 5, 229, 1145]
[1, 5, 229, 1145]
[1, 2, 4, 5, 7, 8, 10, 14, 16, 20, 28, 35, 40, 56, 70, 80, 112, 140, 280, 560]
[1, 2, 3, 5, 6, 10, 15, 30, 73, 146, 219, 365, 438, 730, 1095, 2190]
[1, 5, 25, 37, 185, 925]
[1, 5, 25, 37, 185, 925]
[1, 5, 25, 37, 185, 925]
[1, 2, 4, 7, 8, 14, 28, 31, 56, 62, 124, 217, 248, 434, 868, 1736]
[1, 191]
[1, 3, 11, 23, 33, 69, 253, 759]
[1, 2, 3, 6, 173, 346, 519, 1038]
[1, 2, 4, 5, 10, 19, 20, 38, 76, 95, 190, 380]
[1, 2, 4, 5, 8, 10, 20, 40]
[1, 2, 4, 5, 8, 10, 20, 40]
[1, 2, 3, 4, 5, 6, 9, 10, 11, 12, 15, 18, 20, 22, 30, 33, 36, 44, 45, 55, 60, 66, 90, 99, 110, 132, 165, 180, 198, 220, 330, 396, 495, 660, 990, 1980]
[1, 5, 7, 13, 35, 65, 91, 455]
[1, 5, 7, 13, 35, 65, 91, 455]
[1, 2, 3, 4, 5, 6, 7, 9, 10, 12, 14, 15, 18, 20, 21, 28, 30, 35, 36, 42, 45, 60, 63, 70, 84, 90, 105, 126, 140, 180, 210, 252, 315, 420, 630, 1260]
[1, 2, 3, 4, 5, 6, 7, 9, 10, 12, 14, 15, 18, 20, 21, 28, 30, 35, 36, 42, 45, 60, 63, 70, 84, 90, 105, 126, 140, 180, 210, 252, 315, 420, 630, 1260]
[1, 2, 4, 5, 8, 10, 11, 16, 20, 22, 40, 44, 55, 80, 88, 110, 176, 220, 440, 880]
[1, 5, 89, 445]
[1, 5, 89, 445]
[1, 2, 4, 5, 10, 20, 67, 134, 268, 335, 670, 1340]
[1, 2, 5, 10, 103, 206, 515, 1030]
[1, 31, 37, 1147]
[1, 2, 5, 10, 13, 25, 26, 50, 65, 130, 325, 650]
[1, 2, 4, 11, 22, 44, 53, 106, 212, 583, 1166, 2332]
[1, 5, 11, 55]
[1, 2, 4, 8]
[1, 2, 4, 5, 10, 11, 20, 22, 25, 44, 50, 55, 100, 110, 220, 275, 550, 1100]
[1, 2, 3, 5, 6, 10, 15, 30, 59, 118, 177, 295, 354, 590, 885, 1770]
[1, 2, 4, 5, 8, 10, 13, 20, 26, 40, 52, 65, 104, 130, 260, 520]
[1, 5, 17, 23, 85, 115, 391, 1955]
[1, 5, 37, 185]
[1, 3, 19, 41, 57, 123, 779, 2337]
[1, 5, 11, 55]
[1, 5, 131, 655]
[1, 2, 5, 10, 131, 262, 655, 1310]
[1, 5, 7, 35, 37, 185, 259, 1295]
[1, 2, 5, 10, 11, 22, 55, 110, 121, 242, 605, 1210]
[1, 2, 5, 10, 11, 22, 55, 110, 121, 242, 605, 1210]
[1, 2, 5, 10, 227, 454, 1135, 2270]
[1, 2, 5, 10, 227, 454, 1135, 2270]
[1, 2, 1031, 2062]
[1, 2, 3, 5, 6, 10, 15, 19, 30, 38, 57, 95, 114, 190, 285, 570]
[1, 3, 5, 9, 15, 25, 27, 45, 75, 135, 225, 675]
[1, 5, 17, 29, 85, 145, 493, 2465]
[1, 3, 5, 9, 11, 15, 27, 33, 45, 55, 99, 135, 165, 297, 495, 1485]
[1, 2, 5, 10, 25, 41, 50, 82, 205, 410, 1025, 2050]
[1, 2, 4, 5, 8, 10, 16, 20, 40, 80]
[1, 2, 4, 5, 8, 10, 16, 20, 40, 80]
[1, 2, 3, 5, 6, 10, 13, 15, 26, 30, 39, 65, 78, 130, 195, 390]
[1, 2, 3, 5, 6, 9, 10, 15, 18, 25, 30, 45, 50, 75, 90, 125, 150, 225, 250, 375, 450, 750, 1125, 2250]
[1, 1319]
[1, 1319]
[1, 2, 3, 5, 6, 7, 9, 10, 14, 15, 18, 21, 30, 35, 42, 45, 63, 70, 90, 105, 126, 210, 315, 630]
[1, 2, 4, 5, 10, 20, 23, 25, 46, 50, 92, 100, 115, 230, 460, 575, 1150, 2300]
[1, 3, 5, 15, 61, 183, 305, 915]
[1, 3, 5, 13, 15, 25, 39, 65, 75, 195, 325, 975]
[1, 3, 5, 15, 71, 213, 355, 1065]
[1, 11, 13, 121, 143, 1573]
[1, 2, 3, 6, 31, 62, 93, 186]
[1, 2, 3, 4, 5, 6, 7, 8, 10, 12, 14, 15, 16, 20, 21, 24, 28, 30, 35, 40, 42, 48, 56, 60, 70, 80, 84, 105, 112, 120, 140, 168, 210, 240, 280, 336, 420, 560, 840, 1680]
[1, 2, 3, 4, 5, 6, 8, 10, 12, 15, 16, 20, 24, 25, 30, 32, 40, 48, 50, 60, 75, 80, 96, 100, 120, 150, 160, 200, 240, 300, 400, 480, 600, 800, 1200, 2400]
[1, 2, 4, 5, 8, 10, 13, 16, 20, 26, 40, 52, 65, 80, 104, 130, 208, 260, 520, 1040]
[1, 2, 23, 46, 53, 106, 1219, 2438]
[1, 5, 19, 23, 95, 115, 437, 2185]
[1, 5, 127, 635]
[1, 3, 5, 7, 15, 17, 21, 35, 51, 85, 105, 119, 255, 357, 595, 1785]
[1, 5, 23, 25, 115, 575]
[1, 5, 293, 1465]
[1, 5, 25, 97, 485, 2425]
[1, 5, 25, 97, 485, 2425]
[1, 5, 223, 1115]
[1, 5, 7, 35, 53, 265, 371, 1855]
[1, 3, 9, 11, 33, 99, 121, 363, 1089]
[1, 2, 4, 5, 7, 10, 14, 20, 28, 35, 70, 140]
[1, 2, 4, 5, 8, 10, 16, 20, 25, 40, 50, 80, 100, 200, 400]
[1, 5, 7, 17, 35, 85, 119, 595]
[1, 3, 5, 15, 25, 75]
[1, 2, 4, 5, 8, 10, 13, 16, 20, 26, 32, 40, 52, 65, 80, 104, 130, 160, 208, 260, 416, 520, 1040, 2080]
[1, 3, 5, 15, 31, 93, 155, 465]
[1, 3, 5, 9, 15, 27, 45, 81, 135, 405]
[1, 2, 4, 5, 8, 10, 17, 20, 34, 40, 68, 85, 136, 170, 340, 680]
[1, 2, 4, 5, 8, 10, 17, 20, 34, 40, 68, 85, 136, 170, 340, 680]
[1, 5, 25]
[1, 5, 25, 83, 415, 2075]
[1, 127]
[1, 2, 4, 5, 10, 17, 20, 25, 34, 50, 68, 85, 100, 170, 340, 425, 850, 1700]
[1, 2, 4, 5, 10, 17, 20, 25, 34, 50, 68, 85, 100, 170, 340, 425, 850, 1700]
[1, 5, 7, 19, 35, 95, 133, 665]
[1, 5, 7, 35, 49, 245, 343, 1715]
[1, 5, 7, 35, 49, 245, 343, 1715]
[1, 5, 7, 35, 49, 245, 343, 1715]
[1, 2, 3, 4, 5, 6, 8, 9, 10, 12, 15, 18, 20, 24, 30, 36, 40, 45, 60, 72, 90, 120, 180, 360]
[1, 2, 3, 4, 5, 6, 8, 9, 10, 12, 15, 18, 20, 24, 30, 36, 40, 45, 60, 72, 90, 120, 180, 360]
[1, 2, 5, 10, 17, 34, 85, 170]
[1, 2, 5, 10, 31, 62, 155, 310]
[1, 2, 5, 10, 31, 62, 155, 310]
[1, 2, 5, 10, 31, 62, 155, 310]
[1, 2, 5, 10, 31, 62, 155, 310]
[1, 7, 103, 721]
[1, 5, 83, 415]
[1, 2, 4, 5, 10, 13, 20, 26, 52, 65, 130, 260]
[1, 2, 4, 83, 166, 332]
[1, 5, 67, 335]
[1, 2, 5, 10, 25, 50, 125, 250]
[1, 3, 5, 15, 73, 219, 365, 1095]
[1, 2, 4, 5, 8, 10, 16, 20, 32, 40, 80, 160]
[1, 2, 4, 5, 8, 10, 20, 25, 40, 50, 100, 200]
[1, 2, 3, 4, 6, 7, 12, 14, 21, 28, 42, 49, 84, 98, 147, 196, 294, 588]
[1, 5, 7, 35, 53, 265, 371, 1855]
[1, 2, 3, 4, 5, 6, 10, 12, 15, 20, 30, 60]
[1, 2, 3, 4, 5, 6, 8, 9, 10, 12, 15, 18, 20, 24, 30, 36, 40, 45, 60, 72, 90, 120, 180, 360]
[1, 7, 103, 721]
[1, 2, 3, 6, 197, 394, 591, 1182]
[1, 5, 7, 19, 35, 95, 133, 665]
[1, 2, 4, 5, 7, 8, 10, 14, 20, 28, 35, 40, 49, 56, 70, 98, 140, 196, 245, 280, 392, 490, 980, 1960]
[1, 2, 5, 10, 193, 386, 965, 1930]
[1, 2, 5, 10, 193, 386, 965, 1930]
[1, 5, 11, 23, 55, 115, 253, 1265]
[1, 2, 3, 5, 6, 9, 10, 15, 17, 18, 30, 34, 45, 51, 85, 90, 102, 153, 170, 255, 306, 510, 765, 1530]
[1, 5, 239, 1195]
[1, 3, 5, 15, 43, 129, 215, 645]
[1, 3, 5, 15, 43, 129, 215, 645]
[1, 3, 5, 9, 15, 37, 45, 111, 185, 333, 555, 1665]
[1, 2, 4, 5, 10, 20, 59, 118, 236, 295, 590, 1180]
[1, 5, 13, 19, 65, 95, 247, 1235]
[1, 2, 3, 5, 6, 10, 13, 15, 25, 26, 30, 39, 50, 65, 75, 78, 130, 150, 195, 325, 390, 650, 975, 1950]
[1, 2, 17, 34]
[1, 2, 3, 4, 5, 6, 10, 11, 12, 15, 20, 22, 30, 33, 44, 55, 60, 66, 110, 132, 165, 220, 330, 660]
[1, 5, 25, 125]
[1, 3, 5, 15, 25, 75]
[1, 2, 4, 5, 10, 20, 73, 146, 292, 365, 730, 1460]
[1, 2, 5, 10, 11, 22, 55, 110]
[1, 2, 5, 10, 11, 22, 55, 110]
[1, 2, 5, 10, 11, 22, 55, 110]
[1, 5, 199, 995]
[1, 5, 7, 35, 43, 215, 301, 1505]
[1, 5, 7, 35, 43, 215, 301, 1505]
[1, 2, 3, 4, 5, 6, 10, 12, 15, 20, 25, 30, 50, 60, 75, 100, 150, 300]
[1, 2, 3, 5, 6, 10, 15, 30, 41, 82, 123, 205, 246, 410, 615, 1230]
[1, 2, 4, 8, 16, 113, 226, 452, 904, 1808]
[1, 2, 3, 5, 6, 10, 15, 30, 73, 146, 219, 365, 438, 730, 1095, 2190]
[1, 2, 3, 5, 6, 10, 15, 30, 73, 146, 219, 365, 438, 730, 1095, 2190]
[1, 547]
[1, 547]
[1, 2, 5, 10, 11, 13, 22, 26, 55, 65, 110, 130, 143, 286, 715, 1430]
[1, 2, 3, 5, 6, 10, 11, 15, 22, 30, 33, 55, 66, 110, 165, 330]
[1, 2, 3, 5, 6, 9, 10, 15, 18, 23, 30, 45, 46, 69, 90, 115, 138, 207, 230, 345, 414, 690, 1035, 2070]
[1, 3, 5, 15, 79, 237, 395, 1185]
[1, 5, 13, 17, 65, 85, 221, 1105]
[1, 2, 3, 4, 5, 6, 8, 9, 10, 12, 15, 16, 18, 20, 24, 30, 32, 36, 40, 45, 48, 60, 72, 80, 90, 96, 120, 144, 160, 180, 240, 288, 360, 480, 720, 1440]
[1, 3, 5, 15, 41, 123, 205, 615]
[1, 3, 5, 9, 15, 29, 45, 87, 145, 261, 435, 1305]
[1, 2, 4, 5, 8, 10, 16, 20, 40, 80]
[1, 5, 7, 35]
[1, 5, 17, 85, 289, 1445]
[1, 2, 5, 10]
[1, 3, 5, 15]
[1, 2, 3, 5, 6, 10, 15, 19, 30, 38, 57, 95, 114, 190, 285, 570]
[1, 5, 11, 37, 55, 185, 407, 2035]
[1, 5, 97, 485]
[1, 2, 5, 10, 11, 19, 22, 38, 55, 95, 110, 190, 209, 418, 1045, 2090]
[1, 2, 5, 10, 11, 19, 22, 38, 55, 95, 110, 190, 209, 418, 1045, 2090]
[1, 2, 211, 422]
[1, 5, 7, 35, 59, 295, 413, 2065]
[1, 2, 5, 7, 10, 14, 35, 49, 70, 98, 245, 490]
[1, 2, 3, 5, 6, 10, 15, 30, 41, 82, 123, 205, 246, 410, 615, 1230]
[1, 2, 5, 10, 59, 118, 295, 590]
[1, 2, 5, 10, 59, 118, 295, 590]
[1, 2, 5, 10, 59, 118, 295, 590]
[1, 2, 5, 10, 59, 118, 295, 590]
[1, 5, 307, 1535]
[1, 2, 4, 5, 8, 10, 16, 20, 32, 40, 64, 80, 128, 160, 320, 640]
[1, 2, 7, 14, 101, 202, 707, 1414]
[1, 23, 43, 989]
[1, 3, 5, 15, 61, 183, 305, 915]
[1, 3, 5, 11, 15, 33, 55, 165]
[1, 5]
[1, 5]
[1, 2, 5, 7, 10, 11, 14, 22, 35, 55, 70, 77, 110, 154, 385, 770]
[1, 2, 5, 7, 10, 11, 14, 22, 35, 55, 70, 77, 110, 154, 385, 770]
[1, 5, 7, 11, 35, 55, 77, 385]
[1, 2, 5, 7, 10, 14, 25, 35, 50, 70, 175, 350]
[1, 2, 5, 10, 43, 86, 215, 430]
[1, 2, 3, 5, 6, 10, 15, 17, 30, 34, 51, 85, 102, 170, 255, 510]
[1, 2, 3, 4, 5, 6, 8, 10, 12, 15, 20, 24, 30, 40, 60, 120]
[1, 2, 73, 146]
[1, 2, 5, 10, 47, 94, 235, 470]
[1, 3, 5, 15, 131, 393, 655, 1965]
[1, 5, 7, 35]
[1, 2, 4, 5, 8, 10, 13, 20, 26, 40, 52, 65, 104, 130, 260, 520]
[1, 2, 4, 5, 8, 10, 11, 16, 20, 22, 40, 44, 55, 80, 88, 110, 176, 220, 440, 880]
[1, 2, 5, 10, 11, 22, 25, 50, 55, 110, 275, 550]
[1, 5, 113, 565]
[1, 2, 3, 5, 6, 10, 15, 30]
[1, 2, 3, 5, 6, 10, 15, 30]
[1, 2, 5, 10, 19, 25, 38, 50, 95, 190, 475, 950]
[1, 2, 3, 5, 6, 9, 10, 15, 18, 25, 30, 45, 50, 75, 90, 150, 225, 450]
[1, 2, 3, 5, 6, 9, 10, 15, 18, 25, 30, 45, 50, 75, 90, 150, 225, 450]
[1, 2, 3, 5, 6, 9, 10, 15, 18, 25, 30, 45, 50, 75, 90, 150, 225, 450]
[1, 2, 4, 5, 8, 10, 16, 20, 23, 40, 46, 80, 92, 115, 184, 230, 368, 460, 920, 1840]
[1, 5, 73, 365]
[1, 3, 9, 27, 47, 141, 423, 1269]
[1, 17, 47, 799]
[1, 3, 9, 27, 71, 213, 639, 1917]
[1, 2, 3, 5, 6, 9, 10, 13, 15, 18, 26, 30, 39, 45, 65, 78, 90, 117, 130, 195, 234, 390, 585, 1170]
[1, 5, 53, 265]
[1, 3, 5, 13, 15, 25, 39, 65, 75, 195, 325, 975]
[1, 2, 5, 10, 25, 29, 50, 58, 145, 290, 725, 1450]
[1, 3, 5, 11, 15, 33, 55, 121, 165, 363, 605, 1815]
[1, 3, 5, 7, 15, 21, 35, 105]
[1, 3, 331, 993]
[1, 5, 7, 19, 35, 95, 133, 665]
[1, 5, 7, 35, 37, 185, 259, 1295]
[1, 2, 4, 5, 10, 20, 43, 86, 172, 215, 430, 860]
[1, 2, 4, 5, 8, 10, 16, 20, 25, 32, 40, 50, 64, 80, 100, 160, 200, 320, 400, 800, 1600]
[1, 2, 13, 19, 26, 38, 247, 494]
[1, 3, 5, 7, 13, 15, 21, 35, 39, 65, 91, 105, 195, 273, 455, 1365]
[1, 5, 269, 1345]
[1, 2, 5, 7, 10, 14, 19, 35, 38, 70, 95, 133, 190, 266, 665, 1330]
[1, 2, 3, 5, 6, 9, 10, 15, 18, 27, 30, 45, 54, 81, 90, 135, 162, 270, 405, 810]
[1, 179]
[1, 2, 4, 7, 14, 19, 28, 38, 76, 133, 266, 532]
[1, 5, 25, 59, 295, 1475]
[1, 2, 5, 10, 97, 194, 485, 970]
[1, 2, 5, 10, 37, 74, 185, 370]
[1, 2, 5, 10, 37, 74, 185, 370]
[1, 2, 3, 5, 6, 10, 15, 30, 37, 74, 111, 185, 222, 370, 555, 1110]
[1, 5, 7, 11, 35, 55, 77, 385]
[1, 2, 3, 5, 6, 10, 15, 30, 47, 94, 141, 235, 282, 470, 705, 1410]
[1, 5, 53, 265]
[1, 2, 3, 6, 7, 9, 14, 18, 21, 27, 42, 54, 63, 126, 189, 378]
[1, 577]
[1, 5, 139, 695]
[1, 3, 5, 9, 15, 25, 27, 45, 75, 135, 225, 675]
[1, 5, 7, 17, 35, 85, 119, 595]
[1, 5, 7, 17, 35, 85, 119, 595]
[1, 2, 4, 5, 10, 20, 29, 58, 116, 145, 290, 580]
[1, 2, 3, 4, 5, 6, 7, 10, 12, 14, 15, 20, 21, 28, 30, 35, 42, 60, 70, 84, 105, 140, 210, 420]
[1, 2, 4, 5, 7, 10, 11, 14, 20, 22, 28, 35, 44, 55, 70, 77, 110, 140, 154, 220, 308, 385, 770, 1540]
[1, 5, 101, 505]
[1, 2, 3, 5, 6, 9, 10, 15, 18, 27, 30, 45, 54, 90, 135, 270]
[1, 2, 3, 5, 6, 9, 10, 15, 18, 27, 30, 45, 54, 90, 135, 270]
[1, 2, 11, 22, 47, 94, 517, 1034]
[1, 5, 137, 685]
[1, 2, 4, 5, 8, 10, 11, 20, 22, 40, 44, 55, 88, 110, 220, 440]
[1, 2, 19, 23, 38, 46, 437, 874]
[1, 2, 3, 4, 5, 6, 8, 10, 11, 12, 15, 20, 22, 24, 30, 33, 40, 44, 55, 60, 66, 88, 110, 120, 132, 165, 220, 264, 330, 440, 660, 1320]
[1, 2, 409, 818]
[1, 2, 3, 4, 5, 6, 9, 10, 12, 15, 18, 20, 27, 30, 36, 45, 54, 60, 90, 108, 135, 180, 270, 540]
[1, 2, 4, 5, 7, 8, 10, 14, 16, 20, 28, 32, 35, 40, 56, 70, 80, 112, 140, 160, 224, 280, 560, 1120]
[1, 3, 5, 7, 11, 15, 21, 33, 35, 55, 77, 105, 165, 231, 385, 1155]
[1, 3, 5, 15, 37, 111, 185, 555]
[1, 5, 79, 395]
[1, 5, 181, 905]
[1, 2, 4, 5, 8, 10, 16, 20, 32, 40, 64, 80, 160, 320]
[1, 137]
[1, 2, 3, 4, 6, 12, 47, 94, 141, 188, 282, 564]
[1, 2, 3, 5, 6, 10, 15, 30, 37, 74, 111, 185, 222, 370, 555, 1110]
[1, 5, 41, 205]
[1, 5, 107, 535]
[1, 2, 5, 10, 137, 274, 685, 1370]
[1, 5, 11, 23, 55, 115, 253, 1265]
[1, 5, 13, 65]
[1, 3, 5, 13, 15, 25, 39, 65, 75, 195, 325, 975]
[1, 3, 5, 15, 61, 183, 305, 915]
[1, 3, 5, 15, 61, 183, 305, 915]
[1, 2, 5, 10, 59, 118, 295, 590]
[1, 3, 7, 9, 21, 63]
[1, 3, 5, 15, 59, 177, 295, 885]
[1, 3, 5, 15, 83, 249, 415, 1245]
[1, 3, 5, 15, 83, 249, 415, 1245]
[1, 3, 5, 15, 83, 249, 415, 1245]
[1, 5, 37, 185]
[1, 1451]
[1, 5, 25, 37, 185, 925]
[1, 2, 5, 10, 31, 62, 155, 310]
[1, 2, 5, 10, 31, 62, 155, 310]
[1, 5, 269, 1345]
[1, 5, 269, 1345]
[1, 5, 269, 1345]
[1, 2, 3, 4, 5, 6, 8, 10, 12, 15, 20, 24, 25, 30, 40, 50, 60, 75, 100, 120, 150, 200, 300, 600]
[1, 3, 5, 9, 15, 25, 45, 75, 225]
[1, 463]
[1, 1483]
[1, 5, 43, 215]
[1, 5, 11, 25, 55, 275]
[1, 2, 3, 5, 6, 9, 10, 15, 18, 27, 30, 45, 54, 90, 135, 270]
[1, 5, 13, 19, 65, 95, 247, 1235]
[1, 2, 4, 5, 8, 10, 16, 20, 40, 80]
[1, 2, 3, 4, 5, 6, 8, 10, 12, 15, 20, 24, 25, 30, 40, 50, 60, 75, 100, 120, 150, 200, 300, 600]
[1, 2, 3, 4, 5, 6, 10, 12, 15, 20, 23, 30, 46, 60, 69, 92, 115, 138, 230, 276, 345, 460, 690, 1380]
[1, 2, 3, 4, 5, 6, 10, 12, 15, 20, 23, 30, 46, 60, 69, 92, 115, 138, 230, 276, 345, 460, 690, 1380]
[1, 2, 41, 82]
[1, 2, 4, 5, 8, 10, 16, 20, 40, 80]
[1, 2, 3, 4, 5, 6, 8, 10, 11, 12, 15, 20, 22, 24, 30, 33, 40, 44, 55, 60, 66, 88, 110, 120, 132, 165, 220, 264, 330, 440, 660, 1320]
[1, 2, 3, 4, 5, 6, 8, 10, 11, 12, 15, 20, 22, 24, 30, 33, 40, 44, 55, 60, 66, 88, 110, 120, 132, 165, 220, 264, 330, 440, 660, 1320]
[1, 2, 4, 5, 10, 17, 20, 34, 68, 85, 170, 340]
[1, 2, 4, 5, 10, 17, 20, 34, 68, 85, 170, 340]
[1, 5, 269, 1345]
[1, 5, 7, 35]
[1, 2, 4, 5, 10, 20, 23, 46, 92, 115, 230, 460]
[1, 5, 7, 25, 35, 125, 175, 875]
[1, 5, 71, 355]
[1, 2, 5, 10, 25, 50, 125, 250]
[1, 2, 3, 5, 6, 9, 10, 15, 18, 25, 27, 30, 45, 50, 54, 75, 90, 135, 150, 225, 270, 450, 675, 1350]
[1, 2, 3, 5, 6, 9, 10, 15, 18, 25, 27, 30, 45, 50, 54, 75, 90, 135, 150, 225, 270, 450, 675, 1350]
[1, 5]
[1, 11, 31, 341]
[1, 2, 4, 5, 10, 20, 31, 62, 124, 155, 310, 620]
[1, 3, 11, 31, 33, 93, 341, 1023]
[1, 3, 5, 7, 15, 21, 35, 105]
[1, 3, 5, 7, 15, 21, 35, 105]
[1, 5, 263, 1315]
[1, 2, 4, 5, 8, 10, 16, 20, 25, 40, 50, 80, 100, 200, 400]
[1, 2, 5, 10, 109, 218, 545, 1090]
[1, 2, 17, 19, 34, 38, 323, 646]
[1, 3, 379, 1137]
[1, 3, 5, 15, 53, 159, 265, 795]
[1, 5, 59, 295]
[1, 3, 5, 15, 71, 213, 355, 1065]
[1, 5, 7, 35, 49, 245]
[1, 5, 25, 125]
[1, 2, 4, 5, 10, 20, 25, 50, 100]
[1, 3, 5, 15, 41, 123, 205, 615]
[1, 5, 7, 13, 35, 65, 91, 455]
[1, 383]
[1, 5, 25, 43, 215, 1075]
[1, 5, 19, 25, 95, 475]
[1, 5, 19, 25, 95, 475]
[1, 5, 233, 1165]
[1, 2, 5, 10, 19, 38, 95, 190]
[1, 5, 109, 545]
[1, 3, 5, 15, 59, 177, 295, 885]
[1, 3, 5, 15, 59, 177, 295, 885]
[1, 3, 5, 15, 59, 177, 295, 885]
[1, 2, 5, 7, 10, 14, 35, 70]
[1, 2, 4, 5, 10, 20, 25, 50, 100, 125, 250, 500]
[1, 5, 83, 415]
[1, 2, 4, 5, 10, 20, 25, 50, 100, 125, 250, 500]
[1, 2, 4, 5, 8, 10, 20, 25, 40, 50, 100, 125, 200, 250, 500, 1000]
[1, 2, 3, 4, 6, 8, 12, 16, 19, 24, 38, 48, 57, 76, 114, 152, 228, 304, 456, 912]
[1, 2, 5, 10, 13, 25, 26, 50, 65, 130, 325, 650]
[1, 2, 5, 10, 61, 122, 305, 610]
[1, 2, 5, 10, 61, 122, 305, 610]
[1, 2, 3, 4, 5, 6, 8, 9, 10, 12, 15, 18, 20, 24, 30, 36, 40, 45, 60, 72, 90, 120, 180, 360]
[1, 2, 3, 5, 6, 9, 10, 15, 18, 30, 45, 90]
[1, 5, 107, 535]
[1, 5, 113, 565]
[1, 5, 113, 565]
[1, 5, 113, 565]
[1, 5, 113, 565]
[1, 2, 71, 142]
[1, 2, 71, 142]
[1, 3, 5, 15]
[1, 2, 3, 5, 6, 9, 10, 15, 18, 25, 30, 45, 50, 75, 90, 150, 225, 450]
[1, 2, 4, 5, 7, 10, 14, 20, 28, 35, 70, 140]
[1, 2, 4, 5, 7, 10, 14, 20, 25, 28, 35, 50, 70, 100, 140, 175, 350, 700]
[1, 5, 29, 145]
[1, 3, 5, 9, 15, 27, 45, 81, 135, 405]
[1, 5, 113, 565]
[1, 3, 5, 15, 31, 93, 155, 465]
[1, 2, 4, 7, 14, 28]
[1, 2, 3, 5, 6, 9, 10, 15, 18, 25, 30, 45, 50, 75, 90, 150, 225, 450]
[1, 3, 109, 327]
[1, 3, 5, 15, 31, 93, 155, 465]
[1, 2, 3, 5, 6, 7, 9, 10, 14, 15, 18, 21, 30, 35, 42, 45, 63, 70, 90, 105, 126, 210, 315, 630]
[1, 5, 89, 445]
[1, 5, 89, 445]
[1, 2, 4, 5, 7, 8, 10, 14, 20, 28, 35, 40, 56, 70, 140, 280]
[1, 5, 101, 505]
[1, 5, 101, 505]
[1, 5, 7, 35]
[1, 5, 7, 35]
[1, 2, 4, 5, 8, 10, 20, 25, 40, 50, 100, 200]
[1, 5, 43, 215]
[1, 5, 71, 355]
[1, 3, 5, 15, 29, 87, 145, 435]
[1, 2, 3, 5, 6, 10, 11, 15, 22, 30, 33, 55, 66, 110, 165, 330]
[1, 2, 3, 5, 6, 10, 11, 15, 22, 30, 33, 55, 66, 110, 165, 330]
[1, 2, 3, 4, 5, 6, 8, 9, 10, 12, 15, 18, 20, 24, 30, 36, 40, 45, 60, 72, 90, 120, 180, 360]
[1, 2, 3, 4, 5, 6, 8, 9, 10, 12, 15, 18, 20, 24, 30, 36, 40, 45, 60, 72, 90, 120, 180, 360]
[1, 5, 7, 13, 35, 65, 91, 455]
[1, 11, 23, 253]
[1, 2, 5, 10, 43, 86, 215, 430]
[1, 3, 5, 9, 15, 45]
[1, 3, 5, 9, 15, 45]
[1, 2, 31, 62]
[1, 5, 25]
[1, 2, 3, 4, 5, 6, 10, 12, 15, 20, 25, 30, 50, 60, 75, 100, 150, 300]
[1, 5, 17, 85]
[1, 3, 5, 7, 15, 21, 35, 105]
[1, 2, 3, 4, 5, 6, 8, 10, 12, 15, 20, 24, 30, 40, 60, 120]
[1, 5, 19, 95]
[1, 2, 4, 5, 10, 20, 71, 142, 284, 355, 710, 1420]
[1, 5, 19, 95, 361, 1805]
[1, 5, 25, 59, 295, 1475]
[1, 2, 5, 10, 19, 38, 95, 190]
[1, 2, 5, 10, 19, 38, 95, 190]
[1, 2, 5, 10, 19, 38, 95, 190]
[1, 2, 5, 10, 19, 38, 95, 190]
[1, 2, 5, 10, 19, 38, 95, 190]
[1, 2, 5, 10, 19, 38, 95, 190]
[1, 3, 5, 15, 101, 303, 505, 1515]
[1, 2, 3, 4, 5, 6, 8, 9, 10, 12, 15, 16, 18, 20, 24, 30, 32, 36, 40, 45, 48, 60, 64, 72, 80, 90, 96, 120, 144, 160, 180, 192, 240, 288, 320, 360, 480, 576, 720, 960, 1440, 2880]
[1, 2, 3, 4, 5, 6, 10, 12, 15, 20, 25, 30, 50, 60, 75, 100, 150, 300]
[1, 5, 397, 1985]
[1, 2, 5, 7, 10, 14, 25, 35, 50, 70, 175, 350]
[1, 2, 4, 5, 10, 20, 97, 194, 388, 485, 970, 1940]
[1, 2, 4, 5, 10, 20, 97, 194, 388, 485, 970, 1940]
[1, 2, 4, 5, 10, 20, 97, 194, 388, 485, 970, 1940]
[1, 2, 4, 5, 10, 20, 97, 194, 388, 485, 970, 1940]
[1, 2, 4, 5, 10, 20, 97, 194, 388, 485, 970, 1940]
[1, 2, 5, 10, 149, 298, 745, 1490]
[1, 5, 577, 2885]
[1, 5, 577, 2885]
[1, 2, 3, 4, 5, 6, 8, 10, 11, 12, 15, 20, 22, 24, 30, 33, 40, 44, 55, 60, 66, 88, 110, 120, 132, 165, 220, 264, 330, 440, 660, 1320]
[1, 3, 5, 7, 15, 21, 25, 35, 75, 105, 175, 525]
[1, 3, 5, 7, 15, 21, 25, 35, 75, 105, 175, 525]
[1, 3, 79, 237]
[1, 2, 3, 5, 6, 9, 10, 15, 18, 29, 30, 45, 58, 87, 90, 145, 174, 261, 290, 435, 522, 870, 1305, 2610]
[1, 2, 3, 5, 6, 9, 10, 15, 18, 29, 30, 45, 58, 87, 90, 145, 174, 261, 290, 435, 522, 870, 1305, 2610]
[1, 2, 3, 5, 6, 9, 10, 15, 18, 29, 30, 45, 58, 87, 90, 145, 174, 261, 290, 435, 522, 870, 1305, 2610]
[1, 5, 25, 31, 155, 775]
[1, 2, 3, 6, 9, 18, 29, 58, 87, 174, 261, 522]
[1, 5, 241, 1205]
[1, 5, 241, 1205]
[1, 5, 241, 1205]
[1, 5, 241, 1205]
[1, 2, 4, 5, 8, 10, 20, 40]
[1, 5, 7, 35, 53, 265, 371, 1855]
[1, 5, 7, 35, 53, 265, 371, 1855]
[1, 5, 7, 11, 35, 55, 77, 385]
[1, 5, 7, 11, 35, 55, 77, 385]
[1, 5, 7, 11, 35, 55, 77, 385]
[1, 5, 457, 2285]
[1, 5, 181, 905]
[1, 5, 487, 2435]
[1, 5, 487, 2435]
[1, 5, 53, 265]
[1, 5, 19, 95]
[1, 5, 25, 29, 145, 725]
[1, 3, 5, 15, 89, 267, 445, 1335]
[1, 3, 5, 15, 89, 267, 445, 1335]
[1, 2, 4, 5, 10, 20, 53, 106, 212, 265, 530, 1060]
[1, 2, 4, 5, 10, 20, 53, 106, 212, 265, 530, 1060]
[1, 2, 4, 5, 10, 20, 53, 106, 212, 265, 530, 1060]
[1, 2, 5, 10, 127, 254, 635, 1270]
[1, 2, 5, 10, 11, 22, 55, 110, 121, 242, 605, 1210]
[1, 2, 5, 10, 11, 22, 55, 110, 121, 242, 605, 1210]
[1, 5, 13, 31, 65, 155, 403, 2015]
[1, 5, 281, 1405]
[1, 5, 281, 1405]
[1, 5, 337, 1685]
[1, 5, 337, 1685]
[1, 5, 337, 1685]
[1, 5, 337, 1685]
[1, 5, 337, 1685]
[1, 5, 337, 1685]
[1, 2, 4, 5, 8, 10, 13, 20, 25, 26, 40, 50, 52, 65, 100, 104, 130, 200, 260, 325, 520, 650, 1300, 2600]
[1, 2, 4, 5, 8, 10, 13, 20, 25, 26, 40, 50, 52, 65, 100, 104, 130, 200, 260, 325, 520, 650, 1300, 2600]
[1, 2, 4, 5, 8, 10, 13, 20, 25, 26, 40, 50, 52, 65, 100, 104, 130, 200, 260, 325, 520, 650, 1300, 2600]
[1, 3, 5, 9, 15, 25, 45, 75, 125, 225, 375, 1125]
[1, 3, 5, 9, 15, 25, 45, 75, 125, 225, 375, 1125]
[1, 3, 5, 9, 15, 25, 45, 75, 125, 225, 375, 1125]
[1, 5, 23, 25, 115, 575]
[1, 5, 23, 25, 115, 575]
[1, 5, 229, 1145]
[1, 5, 25, 37, 185, 925]
[1, 5, 25, 37, 185, 925]
[1, 2, 4, 5, 8, 10, 20, 40]
[1, 5, 7, 13, 35, 65, 91, 455]
[1, 2, 3, 4, 5, 6, 7, 9, 10, 12, 14, 15, 18, 20, 21, 28, 30, 35, 36, 42, 45, 60, 63, 70, 84, 90, 105, 126, 140, 180, 210, 252, 315, 420, 630, 1260]
[1, 5, 89, 445]
[1, 2, 4, 5, 10, 11, 20, 22, 25, 44, 50, 55, 100, 110, 220, 275, 550, 1100]
[1, 2, 5, 10, 131, 262, 655, 1310]
[1, 2, 5, 10, 11, 22, 55, 110, 121, 242, 605, 1210]
[1, 2, 5, 10, 227, 454, 1135, 2270]
[1, 2, 5, 10, 227, 454, 1135, 2270]
[1, 3, 5, 9, 15, 25, 27, 45, 75, 135, 225, 675]
[1, 3, 5, 9, 15, 25, 27, 45, 75, 135, 225, 675]
[1, 5, 17, 29, 85, 145, 493, 2465]
[1, 2, 5, 10, 25, 41, 50, 82, 205, 410, 1025, 2050]
[1, 2, 4, 5, 8, 10, 16, 20, 40, 80]
[1, 5, 419, 2095]
[1, 1319]
[1, 5, 433, 2165]
[1, 2, 3, 4, 5, 6, 8, 10, 12, 15, 16, 20, 24, 25, 30, 32, 40, 48, 50, 60, 75, 80, 96, 100, 120, 150, 160, 200, 240, 300, 400, 480, 600, 800, 1200, 2400]
[1, 5, 25, 97, 485, 2425]
[1, 5, 7, 17, 35, 85, 119, 595]
[1, 3, 5, 15, 31, 93, 155, 465]
[1, 2, 4, 5, 8, 10, 17, 20, 34, 40, 68, 85, 136, 170, 340, 680]
[1, 2, 4, 5, 8, 10, 17, 20, 34, 40, 68, 85, 136, 170, 340, 680]
[1, 2, 4, 5, 10, 17, 20, 25, 34, 50, 68, 85, 100, 170, 340, 425, 850, 1700]
[1, 5, 7, 35, 49, 245, 343, 1715]
[1, 5, 7, 35, 49, 245, 343, 1715]
[1, 2, 3, 4, 5, 6, 8, 9, 10, 12, 15, 18, 20, 24, 30, 36, 40, 45, 60, 72, 90, 120, 180, 360]
[1, 2, 5, 10, 31, 62, 155, 310]
[1, 2, 5, 10, 31, 62, 155, 310]
[1, 2, 5, 10, 31, 62, 155, 310]
[1, 5, 83, 415]
[1, 5, 79, 395]
[1, 2, 5, 10, 25, 50, 125, 250]
[1, 5, 79, 395]
[1, 3, 5, 15, 73, 219, 365, 1095]
[1, 2, 3, 4, 6, 7, 12, 14, 21, 28, 42, 49, 84, 98, 147, 196, 294, 588]
[1, 2, 3, 4, 5, 6, 10, 12, 15, 20, 30, 60]
[1, 2, 5, 10, 193, 386, 965, 1930]
[1, 3, 5, 15, 43, 129, 215, 645]
[1, 3, 5, 15, 43, 129, 215, 645]
[1, 2, 5, 10, 11, 22, 55, 110]
[1, 2, 5, 10, 11, 22, 55, 110]
[1, 5, 7, 35, 43, 215, 301, 1505]
[1, 5, 7, 35, 43, 215, 301, 1505]
[1, 2, 3, 5, 6, 10, 15, 30, 73, 146, 219, 365, 438, 730, 1095, 2190]
[1, 547]
[1, 2, 3, 5, 6, 9, 10, 15, 18, 23, 30, 45, 46, 69, 90, 115, 138, 207, 230, 345, 414, 690, 1035, 2070]
[1, 3, 5, 15, 79, 237, 395, 1185]
[1, 2, 3, 4, 5, 6, 8, 9, 10, 12, 15, 16, 18, 20, 24, 30, 32, 36, 40, 45, 48, 60, 72, 80, 90, 96, 120, 144, 160, 180, 240, 288, 360, 480, 720, 1440]
[1, 2, 5, 10]
[1, 5, 11, 37, 55, 185, 407, 2035]
[1, 2, 5, 10, 11, 19, 22, 38, 55, 95, 110, 190, 209, 418, 1045, 2090]
[1, 5, 7, 35, 59, 295, 413, 2065]
[1, 2, 4, 5, 7, 10, 14, 20, 25, 28, 35, 50, 70, 100, 140, 175, 350, 700]
[1, 2, 3, 6, 7, 9, 14, 18, 21, 27, 42, 54, 63, 81, 126, 162, 189, 378, 567, 1134]
[1, 2, 5, 10, 59, 118, 295, 590]
[1, 2, 5, 10, 59, 118, 295, 590]
[1, 2, 5, 10, 59, 118, 295, 590]
[1, 2, 4, 5, 8, 10, 16, 20, 32, 40, 64, 80, 128, 160, 320, 640]
[1, 5]
[1, 5]
[1, 2, 5, 7, 10, 11, 14, 22, 35, 55, 70, 77, 110, 154, 385, 770]
[1, 2, 3, 4, 5, 6, 10, 12, 15, 20, 30, 60]
[1, 2, 3, 5, 6, 10, 15, 30]
[1, 2, 5, 10, 23, 25, 46, 50, 115, 230, 575, 1150]
[1, 2, 5, 10, 23, 25, 46, 50, 115, 230, 575, 1150]
[1, 2, 5, 10, 23, 25, 46, 50, 115, 230, 575, 1150]
[1, 2, 3, 5, 6, 9, 10, 15, 18, 25, 30, 45, 50, 75, 90, 150, 225, 450]
[1, 2, 3, 5, 6, 9, 10, 15, 18, 25, 30, 45, 50, 75, 90, 150, 225, 450]
[1, 2, 3, 5, 6, 9, 10, 15, 18, 25, 30, 45, 50, 75, 90, 150, 225, 450]
[1, 17, 47, 799]
[1, 2, 3, 5, 6, 9, 10, 13, 15, 18, 26, 30, 39, 45, 65, 78, 90, 117, 130, 195, 234, 390, 585, 1170]
[1, 2, 3, 5, 6, 9, 10, 13, 15, 18, 26, 30, 39, 45, 65, 78, 90, 117, 130, 195, 234, 390, 585, 1170]
[1, 2, 4, 5, 7, 8, 10, 14, 16, 20, 28, 32, 35, 40, 56, 70, 80, 112, 140, 160, 224, 280, 560, 1120]
[1, 3, 5, 7, 15, 21, 35, 105]
[1, 3, 5, 7, 15, 21, 35, 105]
[1, 3, 5, 7, 15, 21, 35, 105]
[1, 2, 5, 10, 37, 74, 185, 370]
[1, 2, 3, 5, 6, 10, 15, 30, 37, 74, 111, 185, 222, 370, 555, 1110]
[1, 2, 3, 5, 6, 10, 15, 30, 47, 94, 141, 235, 282, 470, 705, 1410]
[1, 5, 7, 17, 35, 85, 119, 595]
[1, 2, 3, 5, 6, 9, 10, 15, 18, 27, 30, 45, 54, 90, 135, 270]
[1, 5, 67, 335]
[1, 5, 269, 1345]
[1, 2, 3, 4, 5, 6, 8, 10, 11, 12, 15, 20, 22, 24, 30, 33, 40, 44, 55, 60, 66, 88, 110, 120, 132, 165, 220, 264, 330, 440, 660, 1320]
[1, 2, 4, 5, 7, 8, 10, 14, 16, 20, 28, 32, 35, 40, 56, 70, 80, 112, 140, 160, 224, 280, 560, 1120]
[1, 5, 181, 905]
[1, 2, 4, 5, 8, 10, 16, 20, 32, 40, 64, 80, 160, 320]
[1, 3, 5, 9, 15, 29, 45, 87, 145, 261, 435, 1305]
[1, 3, 5, 13, 15, 25, 39, 65, 75, 195, 325, 975]
[1, 3, 5, 15, 61, 183, 305, 915]
[1, 3, 5, 15, 83, 249, 415, 1245]
[1, 3, 5, 15, 83, 249, 415, 1245]
[1, 3, 9, 27, 31, 93, 279, 837]
[1, 2, 5, 10, 31, 62, 155, 310]
[1, 5, 233, 1165]
[1, 5, 269, 1345]
[1, 5, 269, 1345]
[1, 5, 269, 1345]
[1, 2, 3, 5, 6, 9, 10, 15, 18, 27, 30, 45, 54, 90, 135, 270]
[1, 2, 4, 5, 8, 10, 16, 20, 40, 80]
[1, 2, 4, 5, 8, 10, 16, 20, 40, 80]
[1, 2, 4, 5, 8, 10, 16, 20, 40, 80]
[1, 2, 3, 4, 5, 6, 10, 12, 15, 20, 23, 30, 46, 60, 69, 92, 115, 138, 230, 276, 345, 460, 690, 1380]
[1, 3, 5, 7, 13, 15, 21, 35, 39, 65, 91, 105, 195, 273, 455, 1365]
[1, 2, 4, 5, 8, 10, 16, 20, 40, 80]
[1, 2, 4, 5, 8, 10, 16, 20, 40, 80]
[1, 2, 3, 4, 5, 6, 8, 10, 11, 12, 15, 20, 22, 24, 30, 33, 40, 44, 55, 60, 66, 88, 110, 120, 132, 165, 220, 264, 330, 440, 660, 1320]
[1, 2, 3, 4, 5, 6, 8, 10, 11, 12, 15, 20, 22, 24, 30, 33, 40, 44, 55, 60, 66, 88, 110, 120, 132, 165, 220, 264, 330, 440, 660, 1320]
[1, 2, 4, 5, 10, 17, 20, 34, 68, 85, 170, 340]
[1, 2, 4, 5, 10, 17, 20, 34, 68, 85, 170, 340]
[1, 5, 7, 35]
[1, 2, 3, 5, 6, 9, 10, 15, 18, 25, 27, 30, 45, 50, 54, 75, 90, 135, 150, 225, 270, 450, 675, 1350]
[1, 2, 5, 10, 59, 118, 295, 590]
[1, 3, 11, 31, 33, 93, 341, 1023]
[1, 3, 5, 7, 15, 21, 35, 105]
[1, 3, 5, 7, 15, 21, 35, 105]
[1, 5, 263, 1315]
[1, 2, 4, 5, 8, 10, 16, 20, 25, 40, 50, 80, 100, 200, 400]
[1, 5, 59, 295]
[1, 5, 59, 295]
[1, 5, 59, 295]
[1, 2, 5, 10, 71, 142, 355, 710]
[1, 5, 19, 25, 95, 475]
[1, 3, 5, 15, 59, 177, 295, 885]
[1, 3, 5, 15, 59, 177, 295, 885]
[1, 3, 5, 15, 59, 177, 295, 885]
[1, 2, 5, 7, 10, 14, 35, 70]
[1, 2, 4, 5, 10, 20, 25, 50, 100, 125, 250, 500]
[1, 2, 4, 5, 10, 20, 25, 50, 100, 125, 250, 500]
[1, 2, 5, 10, 61, 122, 305, 610]
[1, 2, 3, 5, 6, 9, 10, 15, 18, 30, 45, 90]
[1, 5, 11, 13, 55, 65, 143, 715]
[1, 5, 107, 535]
[1, 5, 107, 535]
[1, 5, 113, 565]
[1, 5, 113, 565]
[1, 5, 113, 565]
[1, 5, 113, 565]
[1, 5, 113, 565]
[1, 5, 113, 565]
[1, 2, 71, 142]
[1, 2, 4, 5, 8, 10, 17, 20, 34, 40, 68, 85, 136, 170, 340, 680]
[1, 2, 4, 5, 7, 10, 14, 20, 28, 35, 70, 140]
[1, 5, 29, 145]
[1, 2, 3, 5, 6, 7, 9, 10, 14, 15, 18, 21, 30, 35, 42, 45, 63, 70, 90, 105, 126, 210, 315, 630]
[1, 5, 89, 445]
[1, 5, 101, 505]
[1, 5, 7, 35]
[1, 2, 4, 5, 8, 10, 20, 25, 40, 50, 100, 200]
[1, 2, 3, 5, 6, 10, 11, 15, 22, 30, 33, 55, 66, 110, 165, 330]
[1, 2, 3, 4, 5, 6, 8, 9, 10, 12, 15, 18, 20, 24, 30, 36, 40, 45, 60, 72, 90, 120, 180, 360]
[1, 3, 5, 9, 15, 45]
[1, 5, 17, 85]
[1, 3, 5, 7, 15, 21, 35, 105]
[1, 2, 3, 4, 5, 6, 8, 10, 12, 15, 20, 24, 30, 40, 60, 120]
[1, 2, 3, 4, 5, 6, 8, 10, 12, 15, 20, 24, 30, 40, 60, 120]
[1, 2, 5, 10, 19, 38, 95, 190]
[1, 2, 5, 10, 19, 38, 95, 190]
[1, 2, 5, 10, 19, 38, 95, 190]
[1, 2, 5, 10, 19, 38, 95, 190]
[1, 2, 5, 10, 19, 38, 95, 190]
[1, 5, 397, 1985]
[1, 2, 4, 5, 10, 20, 97, 194, 388, 485, 970, 1940]
[1, 2, 4, 5, 10, 20, 97, 194, 388, 485, 970, 1940]
[1, 2, 4, 5, 10, 20, 97, 194, 388, 485, 970, 1940]
[1, 2, 4, 5, 10, 20, 97, 194, 388, 485, 970, 1940]
[1, 5, 577, 2885]
[1, 3, 5, 7, 15, 21, 25, 35, 75, 105, 175, 525]
[1, 2, 3, 5, 6, 9, 10, 15, 18, 29, 30, 45, 58, 87, 90, 145, 174, 261, 290, 435, 522, 870, 1305, 2610]
[1, 2, 3, 5, 6, 9, 10, 15, 18, 29, 30, 45, 58, 87, 90, 145, 174, 261, 290, 435, 522, 870, 1305, 2610]
[1, 5, 241, 1205]
[1, 5, 241, 1205]
[1, 5, 241, 1205]
[1, 5, 7, 35, 53, 265, 371, 1855]
[1, 5, 7, 11, 35, 55, 77, 385]
[1, 5, 7, 11, 35, 55, 77, 385]
[1, 5, 487, 2435]
[1, 3, 5, 15, 89, 267, 445, 1335]
[1, 3, 5, 15, 89, 267, 445, 1335]
[1, 2, 4, 5, 10, 20, 53, 106, 212, 265, 530, 1060]
[1, 2, 4, 5, 10, 20, 53, 106, 212, 265, 530, 1060]
[1, 2, 5, 10, 11, 22, 55, 110, 121, 242, 605, 1210]
[1, 5, 281, 1405]
[1, 5, 337, 1685]
[1, 5, 337, 1685]
[1, 5, 337, 1685]
[1, 5, 337, 1685]
[1, 5, 337, 1685]
[1, 5, 337, 1685]
[1, 5, 337, 1685]
[1, 2, 4, 5, 8, 10, 13, 20, 25, 26, 40, 50, 52, 65, 100, 104, 130, 200, 260, 325, 520, 650, 1300, 2600]
[1, 2, 4, 5, 8, 10, 13, 20, 25, 26, 40, 50, 52, 65, 100, 104, 130, 200, 260, 325, 520, 650, 1300, 2600]
[1, 2, 4, 5, 8, 10, 13, 20, 25, 26, 40, 50, 52, 65, 100, 104, 130, 200, 260, 325, 520, 650, 1300, 2600]
[1, 3, 5, 9, 15, 25, 45, 75, 125, 225, 375, 1125]
[1, 3, 5, 9, 15, 25, 45, 75, 125, 225, 375, 1125]
[1, 5, 23, 25, 115, 575]
[1, 5, 25, 37, 185, 925]
[1, 2, 5, 10, 227, 454, 1135, 2270]
[1, 3, 5, 9, 15, 25, 27, 45, 75, 135, 225, 675]
[1, 3, 5, 9, 15, 25, 27, 45, 75, 135, 225, 675]
[1, 2, 4, 5, 8, 10, 17, 20, 34, 40, 68, 85, 136, 170, 340, 680]
[1, 5, 7, 35, 49, 245, 343, 1715]
[1, 2, 5, 10, 31, 62, 155, 310]
[1, 2, 5, 10, 31, 62, 155, 310]
[1, 5, 79, 395]
[1, 5, 79, 395]
[1, 5, 79, 395]
[1, 3, 5, 15, 43, 129, 215, 645]
[1, 2, 5, 10, 11, 22, 55, 110]
[1, 5, 7, 35, 43, 215, 301, 1505]
[1, 2, 3, 5, 6, 9, 10, 15, 18, 23, 30, 45, 46, 69, 90, 115, 138, 207, 230, 345, 414, 690, 1035, 2070]
[1, 2, 5, 10, 59, 118, 295, 590]
[1, 2, 5, 10, 59, 118, 295, 590]
[1, 5]
[1, 2, 5, 10, 23, 25, 46, 50, 115, 230, 575, 1150]
[1, 2, 5, 10, 23, 25, 46, 50, 115, 230, 575, 1150]
[1, 2, 5, 10, 23, 25, 46, 50, 115, 230, 575, 1150]
[1, 2, 3, 5, 6, 9, 10, 15, 18, 25, 30, 45, 50, 75, 90, 150, 225, 450]
[1, 2, 3, 5, 6, 9, 10, 15, 18, 25, 30, 45, 50, 75, 90, 150, 225, 450]
[1, 2, 3, 5, 6, 9, 10, 13, 15, 18, 26, 30, 39, 45, 65, 78, 90, 117, 130, 195, 234, 390, 585, 1170]
[1, 2, 4, 5, 7, 8, 10, 14, 16, 20, 28, 32, 35, 40, 56, 70, 80, 112, 140, 160, 224, 280, 560, 1120]
[1, 3, 5, 7, 15, 21, 35, 105]
[1, 3, 5, 7, 15, 21, 35, 105]
[1, 3, 5, 15, 23, 69, 115, 345]
[1, 2, 5, 10, 25, 31, 50, 62, 155, 310, 775, 1550]
[1, 3, 5, 15, 83, 249, 415, 1245]
[1, 5, 269, 1345]
[1, 5, 269, 1345]
[1, 2, 4, 5, 8, 10, 16, 20, 40, 80]
[1, 2, 4, 5, 8, 10, 16, 20, 40, 80]
[1, 2, 4, 5, 8, 10, 16, 20, 40, 80]
[1, 2, 3, 4, 5, 6, 8, 10, 11, 12, 15, 20, 22, 24, 30, 33, 40, 44, 55, 60, 66, 88, 110, 120, 132, 165, 220, 264, 330, 440, 660, 1320]
[1, 2, 4, 5, 10, 17, 20, 34, 68, 85, 170, 340]
[1, 5, 7, 35]
[1, 3, 5, 7, 15, 21, 35, 105]
[1, 5, 263, 1315]
[1, 5, 59, 295]
[1, 5, 59, 295]
[1, 3, 5, 15, 59, 177, 295, 885]
[1, 3, 5, 15, 59, 177, 295, 885]
[1, 2, 4, 5, 10, 20, 25, 50, 100, 125, 250, 500]
[1, 5, 107, 535]
[1, 5, 113, 565]
[1, 5, 113, 565]
[1, 5, 113, 565]
[1, 5, 113, 565]
[1, 5, 113, 565]
[1, 2, 4, 5, 8, 10, 20, 25, 40, 50, 100, 200]
[1, 3, 5, 7, 15, 21, 35, 105]
[1, 2, 3, 4, 5, 6, 8, 10, 12, 15, 20, 24, 30, 40, 60, 120]
[1, 2, 3, 4, 5, 6, 8, 10, 12, 15, 20, 24, 30, 40, 60, 120]
[1, 2, 3, 4, 5, 6, 8, 10, 12, 15, 20, 24, 30, 40, 60, 120]
[1, 2, 5, 10, 19, 38, 95, 190]
[1, 2, 5, 10, 19, 38, 95, 190]
[1, 2, 5, 10, 19, 38, 95, 190]
[1, 2, 5, 10, 19, 38, 95, 190]
[1, 2, 4, 5, 10, 20, 97, 194, 388, 485, 970, 1940]
[1, 2, 4, 5, 10, 20, 97, 194, 388, 485, 970, 1940]
[1, 2, 4, 5, 10, 20, 97, 194, 388, 485, 970, 1940]
[1, 2, 3, 5, 6, 9, 10, 15, 18, 29, 30, 45, 58, 87, 90, 145, 174, 261, 290, 435, 522, 870, 1305, 2610]
[1, 5, 241, 1205]
[1, 5, 241, 1205]
[1, 5, 7, 11, 35, 55, 77, 385]
[1, 3, 5, 15, 89, 267, 445, 1335]
[1, 2, 4, 5, 10, 20, 53, 106, 212, 265, 530, 1060]
[1, 5, 337, 1685]
[1, 5, 337, 1685]
[1, 5, 337, 1685]
[1, 5, 337, 1685]
[1, 5, 337, 1685]
[1, 5, 337, 1685]
[1, 2, 4, 5, 8, 10, 13, 20, 25, 26, 40, 50, 52, 65, 100, 104, 130, 200, 260, 325, 520, 650, 1300, 2600]
[1, 2, 4, 5, 8, 10, 13, 20, 25, 26, 40, 50, 52, 65, 100, 104, 130, 200, 260, 325, 520, 650, 1300, 2600]
[1, 2, 4, 5, 8, 10, 13, 20, 25, 26, 40, 50, 52, 65, 100, 104, 130, 200, 260, 325, 520, 650, 1300, 2600]
[1, 3, 5, 9, 15, 25, 45, 75, 125, 225, 375, 1125]
[1, 3, 5, 9, 15, 25, 27, 45, 75, 135, 225, 675]
[1, 2, 5, 10, 31, 62, 155, 310]
[1, 5, 79, 395]
[1, 5, 79, 395]
[1, 2, 5, 10, 59, 118, 295, 590]
[1, 2, 5, 10, 23, 25, 46, 50, 115, 230, 575, 1150]
[1, 2, 5, 10, 23, 25, 46, 50, 115, 230, 575, 1150]
[1, 2, 3, 5, 6, 9, 10, 15, 18, 25, 30, 45, 50, 75, 90, 150, 225, 450]
[1, 3, 5, 7, 15, 21, 35, 105]
[1, 3, 5, 15, 23, 69, 115, 345]
[1, 2, 5, 10, 25, 31, 50, 62, 155, 310, 775, 1550]
[1, 5, 269, 1345]
[1, 2, 4, 5, 8, 10, 16, 20, 40, 80]
[1, 5, 59, 295]
[1, 3, 5, 15, 59, 177, 295, 885]
[1, 5, 113, 565]
[1, 5, 113, 565]
[1, 5, 113, 565]
[1, 5, 113, 565]
[1, 3, 5, 7, 15, 21, 35, 105]
[1, 2, 3, 4, 5, 6, 8, 10, 12, 15, 20, 24, 30, 40, 60, 120]
[1, 2, 3, 4, 5, 6, 8, 10, 12, 15, 20, 24, 30, 40, 60, 120]
[1, 2, 5, 10, 19, 38, 95, 190]
[1, 2, 5, 10, 19, 38, 95, 190]
[1, 2, 5, 10, 19, 38, 95, 190]
[1, 2, 4, 5, 10, 20, 97, 194, 388, 485, 970, 1940]
[1, 2, 4, 5, 10, 20, 97, 194, 388, 485, 970, 1940]
[1, 5, 241, 1205]
[1, 5, 337, 1685]
[1, 5, 337, 1685]
[1, 5, 337, 1685]
[1, 5, 337, 1685]
[1, 5, 337, 1685]
[1, 2, 4, 5, 8, 10, 13, 20, 25, 26, 40, 50, 52, 65, 100, 104, 130, 200, 260, 325, 520, 650, 1300, 2600]
[1, 2, 4, 5, 8, 10, 13, 20, 25, 26, 40, 50, 52, 65, 100, 104, 130, 200, 260, 325, 520, 650, 1300, 2600]
[1, 5, 79, 395]
[1, 2, 5, 10, 23, 25, 46, 50, 115, 230, 575, 1150]
[1, 2, 5, 10, 25, 31, 50, 62, 155, 310, 775, 1550]
[1, 5, 113, 565]
[1, 5, 113, 565]
[1, 5, 113, 565]
[1, 2, 3, 4, 5, 6, 8, 10, 12, 15, 20, 24, 30, 40, 60, 120]
[1, 2, 5, 10, 19, 38, 95, 190]
[1, 2, 5, 10, 19, 38, 95, 190]
[1, 2, 4, 5, 10, 20, 97, 194, 388, 485, 970, 1940]
[1, 5, 337, 1685]
[1, 5, 337, 1685]
[1, 5, 337, 1685]
[1, 5, 337, 1685]
[1, 2, 4, 5, 8, 10, 13, 20, 25, 26, 40, 50, 52, 65, 100, 104, 130, 200, 260, 325, 520, 650, 1300, 2600]
[1, 5, 113, 565]
[1, 5, 113, 565]
[1, 2, 5, 10, 19, 38, 95, 190]
[1, 5, 337, 1685]
[1, 5, 337, 1685]
[1, 5, 337, 1685]
[1, 5, 113, 565]
[1, 5, 337, 1685]
[1, 5, 337, 1685]
[1, 5, 337, 1685]
