Pattern | occurs | spacing | factorsGVJ [1, 1421] 1420 [1, 2, 4, 5, 10, 20, 71, 142, 284, 355, 710, 1420] 
VJK [2, 1422] 1420 [1, 2, 4, 5, 10, 20, 71, 142, 284, 355, 710, 1420] 
DNM [5, 2720] 2715 [1, 3, 5, 15, 181, 543, 905, 2715] 
MRE [7, 2797] 2790 [1, 2, 3, 5, 6, 9, 10, 15, 18, 30, 31, 45, 62, 90, 93, 155, 186, 279, 310, 465, 558, 930, 1395, 2790] 
REW [8, 2149] 2141 [1, 2141] 
WBZ [11, 1816, 2246] 1805 [1, 5, 19, 95, 361, 1805] 
BZR [12, 802, 1817] 790 [1, 2, 5, 10, 79, 158, 395, 790] 
NIT [15, 1490] 1475 [1, 5, 25, 59, 295, 1475] 
ITJ [16, 1491] 1475 [1, 5, 25, 59, 295, 1475] 
JVE [18, 1948, 2513] 1930 [1, 2, 5, 10, 193, 386, 965, 1930] 
VEW [19, 1213, 1294] 1194 [1, 2, 3, 6, 199, 398, 597, 1194] 
WOZ [21, 416, 1101] 395 [1, 5, 79, 395] 
JWV [25, 495] 470 [1, 2, 5, 10, 47, 94, 235, 470] 
VPP [27, 217] 190 [1, 2, 5, 10, 19, 38, 95, 190] 
PPT [28, 218, 2708] 190 [1, 2, 5, 10, 19, 38, 95, 190] 
PTO [29, 219] 190 [1, 2, 5, 10, 19, 38, 95, 190] 
TOY [30, 220] 190 [1, 2, 5, 10, 19, 38, 95, 190] 
OYC [31, 221] 190 [1, 2, 5, 10, 19, 38, 95, 190] 
YCA [32, 222] 190 [1, 2, 5, 10, 19, 38, 95, 190] 
CAW [33, 223, 598, 2928] 190 [1, 2, 5, 10, 19, 38, 95, 190] 
MLP [37, 1137, 2242] 1100 [1, 2, 4, 5, 10, 11, 20, 22, 25, 44, 50, 55, 100, 110, 220, 275, 550, 1100] 
LPZ [38, 1028] 990 [1, 2, 3, 5, 6, 9, 10, 11, 15, 18, 22, 30, 33, 45, 55, 66, 90, 99, 110, 165, 198, 330, 495, 990] 
ZUE [40, 285, 1555] 245 [1, 5, 7, 35, 49, 245] 
UEV [41, 1556] 1515 [1, 3, 5, 15, 101, 303, 505, 1515] 
WWV [45, 1965] 1920 [1, 2, 3, 4, 5, 6, 8, 10, 12, 15, 16, 20, 24, 30, 32, 40, 48, 60, 64, 80, 96, 120, 128, 160, 192, 240, 320, 384, 480, 640, 960, 1920] 
OIA [49, 1476, 2931] 1427 [1, 1427] 
IAZ [50, 290] 240 [1, 2, 3, 4, 5, 6, 8, 10, 12, 15, 16, 20, 24, 30, 40, 48, 60, 80, 120, 240] 
AZD [51, 1446] 1395 [1, 3, 5, 9, 15, 31, 45, 93, 155, 279, 465, 1395] 
ZDV [52, 2852] 2800 [1, 2, 4, 5, 7, 8, 10, 14, 16, 20, 25, 28, 35, 40, 50, 56, 70, 80, 100, 112, 140, 175, 200, 280, 350, 400, 560, 700, 1400, 2800] 
DVH [53, 158, 713, 773, 2108] 105 [1, 3, 5, 7, 15, 21, 35, 105] 
ZSQ [61, 936] 875 [1, 5, 7, 25, 35, 125, 175, 875] 
QXH [63, 508, 2943] 445 [1, 5, 89, 445] 
XHJ [64, 364, 2049, 2804, 2944] 300 [1, 2, 3, 4, 5, 6, 10, 12, 15, 20, 25, 30, 50, 60, 75, 100, 150, 300] 
HJE [65, 365, 1540, 1620, 2050, 2805] 300 [1, 2, 3, 4, 5, 6, 10, 12, 15, 20, 25, 30, 50, 60, 75, 100, 150, 300] 
JEQ [66, 86, 2026, 2051] 20 [1, 2, 4, 5, 10, 20] 
EQB [67, 1779] 1712 [1, 2, 4, 8, 16, 107, 214, 428, 856, 1712] 
QBD [68, 1346, 2651] 1278 [1, 2, 3, 6, 9, 18, 71, 142, 213, 426, 639, 1278] 
JFZ [78, 1878] 1800 [1, 2, 3, 4, 5, 6, 8, 9, 10, 12, 15, 18, 20, 24, 25, 30, 36, 40, 45, 50, 60, 72, 75, 90, 100, 120, 150, 180, 200, 225, 300, 360, 450, 600, 900, 1800] 
FZC [79, 429, 2119] 350 [1, 2, 5, 7, 10, 14, 25, 35, 50, 70, 175, 350] 
ZCI [80, 430, 2120] 350 [1, 2, 5, 7, 10, 14, 25, 35, 50, 70, 175, 350] 
CIK [81, 2276] 2195 [1, 5, 439, 2195] 
XDJ [84, 1494, 2024, 2069] 1410 [1, 2, 3, 5, 6, 10, 15, 30, 47, 94, 141, 235, 282, 470, 705, 1410] 
DJE [85, 2025, 2070, 2078] 1940 [1, 2, 4, 5, 10, 20, 97, 194, 388, 485, 970, 1940] 
EQF [87, 267, 1602, 1637, 2027] 180 [1, 2, 3, 4, 5, 6, 9, 10, 12, 15, 18, 20, 30, 36, 45, 60, 90, 180] 
QFD [88, 1718, 2028] 1630 [1, 2, 5, 10, 163, 326, 815, 1630] 
FDN [89, 1579, 1659, 2029] 1490 [1, 2, 5, 10, 149, 298, 745, 1490] 
DNA [90, 1580] 1490 [1, 2, 5, 10, 149, 298, 745, 1490] 
NAZ [91, 2740] 2649 [1, 3, 883, 2649] 
AZW [92, 1896] 1804 [1, 2, 4, 11, 22, 41, 44, 82, 164, 451, 902, 1804] 
GZX [96, 452, 567] 356 [1, 2, 4, 89, 178, 356] 
XUQ [98, 518, 1748, 2983] 420 [1, 2, 3, 4, 5, 6, 7, 10, 12, 14, 15, 20, 21, 28, 30, 35, 42, 60, 70, 84, 105, 140, 210, 420] 
UQG [99, 2984] 2885 [1, 5, 577, 2885] 
QGZ [100, 1710, 2985] 1610 [1, 2, 5, 7, 10, 14, 23, 35, 46, 70, 115, 161, 230, 322, 805, 1610] 
GZJ [101, 1361, 1434, 2271] 1260 [1, 2, 3, 4, 5, 6, 7, 9, 10, 12, 14, 15, 18, 20, 21, 28, 30, 35, 36, 42, 45, 60, 63, 70, 84, 90, 105, 126, 140, 180, 210, 252, 315, 420, 630, 1260] 
JKT [103, 1423] 1320 [1, 2, 3, 4, 5, 6, 8, 10, 11, 12, 15, 20, 22, 24, 30, 33, 40, 44, 55, 60, 66, 88, 110, 120, 132, 165, 220, 264, 330, 440, 660, 1320] 
KTJ [104, 1424] 1320 [1, 2, 3, 4, 5, 6, 8, 10, 11, 12, 15, 20, 22, 24, 30, 33, 40, 44, 55, 60, 66, 88, 110, 120, 132, 165, 220, 264, 330, 440, 660, 1320] 
BDR [107, 632, 1347, 2357, 2652] 525 [1, 3, 5, 7, 15, 21, 25, 35, 75, 105, 175, 525] 
DRE [108, 633, 2653] 525 [1, 3, 5, 7, 15, 21, 25, 35, 75, 105, 175, 525] 
RES [109, 634, 1119] 525 [1, 3, 5, 7, 15, 21, 25, 35, 75, 105, 175, 525] 
ESF [110, 347] 237 [1, 3, 79, 237] 
SFZ [111, 348] 237 [1, 3, 79, 237] 
WEQ [118, 1778] 1660 [1, 2, 4, 5, 10, 20, 83, 166, 332, 415, 830, 1660] 
EQI [119, 2052, 2832, 2837] 1933 [1, 1933] 
IFA [122, 277, 2859] 155 [1, 5, 31, 155] 
TPJ [125, 2735] 2610 [1, 2, 3, 5, 6, 9, 10, 15, 18, 29, 30, 45, 58, 87, 90, 145, 174, 261, 290, 435, 522, 870, 1305, 2610] 
PJJ [126, 2736] 2610 [1, 2, 3, 5, 6, 9, 10, 15, 18, 29, 30, 45, 58, 87, 90, 145, 174, 261, 290, 435, 522, 870, 1305, 2610] 
JJC [127, 2737] 2610 [1, 2, 3, 5, 6, 9, 10, 15, 18, 29, 30, 45, 58, 87, 90, 145, 174, 261, 290, 435, 522, 870, 1305, 2610] 
JCN [128, 2738] 2610 [1, 2, 3, 5, 6, 9, 10, 15, 18, 29, 30, 45, 58, 87, 90, 145, 174, 261, 290, 435, 522, 870, 1305, 2610] 
ECA [132, 2812, 2927] 2680 [1, 2, 4, 5, 8, 10, 20, 40, 67, 134, 268, 335, 536, 670, 1340, 2680] 
ALJ [136, 1876] 1740 [1, 2, 3, 4, 5, 6, 10, 12, 15, 20, 29, 30, 58, 60, 87, 116, 145, 174, 290, 348, 435, 580, 870, 1740] 
LJX [137, 1272] 1135 [1, 5, 227, 1135] 
JXD [138, 861, 1493, 2896] 723 [1, 3, 241, 723] 
DHA [140, 915, 1655] 775 [1, 5, 25, 31, 155, 775] 
HAZ [141, 916, 1656] 775 [1, 5, 25, 31, 155, 775] 
AZY [142, 1332] 1190 [1, 2, 5, 7, 10, 14, 17, 34, 35, 70, 85, 119, 170, 238, 595, 1190] 
OWO [145, 2504] 2359 [1, 7, 337, 2359] 
FDX [152, 674, 1069] 522 [1, 2, 3, 6, 9, 18, 29, 58, 87, 174, 261, 522] 
DXE [153, 675, 1070, 2435] 522 [1, 2, 3, 6, 9, 18, 29, 58, 87, 174, 261, 522] 
XEW [154, 1003, 1466] 849 [1, 3, 283, 849] 
LDV [157, 707] 550 [1, 2, 5, 10, 11, 22, 25, 50, 55, 110, 275, 550] 
HXM [160, 360, 2045, 2175, 2375, 2605] 200 [1, 2, 4, 5, 8, 10, 20, 25, 40, 50, 100, 200] 
MFI [162, 487, 1527, 1797] 325 [1, 5, 13, 25, 65, 325] 
FIS [163, 1368, 2343, 2918] 1205 [1, 5, 241, 1205] 
ISA [164, 462, 1369, 2919] 298 [1, 2, 149, 298] 
SAK [165, 1370, 2920] 1205 [1, 5, 241, 1205] 
AKD [166, 1371, 2196, 2921] 1205 [1, 5, 241, 1205] 
KDY [167, 1019, 1372, 2169] 852 [1, 2, 3, 4, 6, 12, 71, 142, 213, 284, 426, 852] 
UTI [172, 930] 758 [1, 2, 379, 758] 
IGS [174, 214, 469, 1224] 40 [1, 2, 4, 5, 8, 10, 20, 40] 
GSV [175, 215, 1225, 1265, 1675, 1865, 2075, 2335, 2750, 2855, 2950, 2990] 40 [1, 2, 4, 5, 8, 10, 20, 40] 
LEJ [178, 2453] 2275 [1, 5, 7, 13, 25, 35, 65, 91, 175, 325, 455, 2275] 
QMS [181, 2036] 1855 [1, 5, 7, 35, 53, 265, 371, 1855] 
MSW [182, 2037] 1855 [1, 5, 7, 35, 53, 265, 371, 1855] 
SWZ [183, 2038] 1855 [1, 5, 7, 35, 53, 265, 371, 1855] 
WZC [184, 984, 2151] 800 [1, 2, 4, 5, 8, 10, 16, 20, 25, 32, 40, 50, 80, 100, 160, 200, 400, 800] 
ZCY [185, 570, 2910] 385 [1, 5, 7, 11, 35, 55, 77, 385] 
CYM [186, 571, 2911] 385 [1, 5, 7, 11, 35, 55, 77, 385] 
YMF [187, 572, 1052, 2912] 385 [1, 5, 7, 11, 35, 55, 77, 385] 
MFN [188, 573, 1053, 2913] 385 [1, 5, 7, 11, 35, 55, 77, 385] 
HNI [194, 2479] 2285 [1, 5, 457, 2285] 
NIE [195, 2480] 2285 [1, 5, 457, 2285] 
IEM [196, 531, 2626] 335 [1, 5, 67, 335] 
EMI [197, 1922] 1725 [1, 3, 5, 15, 23, 25, 69, 75, 115, 345, 575, 1725] 
IEA [199, 442, 1039, 1838, 1974] 243 [1, 3, 9, 27, 81, 243] 
AOD [201, 1841] 1640 [1, 2, 4, 5, 8, 10, 20, 40, 41, 82, 164, 205, 328, 410, 820, 1640] 
DVZ [203, 1548] 1345 [1, 5, 269, 1345] 
JDV [207, 712, 2947] 505 [1, 5, 101, 505] 
ZZM [230, 1135, 2010] 905 [1, 5, 181, 905] 
ZML [231, 1136] 905 [1, 5, 181, 905] 
MLA [232, 2252] 2020 [1, 2, 4, 5, 10, 20, 101, 202, 404, 505, 1010, 2020] 
KZN [237, 1112] 875 [1, 5, 7, 25, 35, 125, 175, 875] 
ZNZ [238, 1560] 1322 [1, 2, 661, 1322] 
EOH [242, 294] 52 [1, 2, 4, 13, 26, 52] 
HHQ [244, 2679] 2435 [1, 5, 487, 2435] 
HQT [245, 2680] 2435 [1, 5, 487, 2435] 
QTV [246, 2096, 2681] 1850 [1, 2, 5, 10, 25, 37, 50, 74, 185, 370, 925, 1850] 
TVC [247, 512, 527, 1187] 265 [1, 5, 53, 265] 
VCZ [248, 513, 528, 1188] 265 [1, 5, 53, 265] 
CZO [249, 2924] 2675 [1, 5, 25, 107, 535, 2675] 
WHN [254, 2249, 2789] 1995 [1, 3, 5, 7, 15, 19, 21, 35, 57, 95, 105, 133, 285, 399, 665, 1995] 
ZNM [260, 515] 255 [1, 3, 5, 15, 17, 51, 85, 255] 
NMM [261, 2721] 2460 [1, 2, 3, 4, 5, 6, 10, 12, 15, 20, 30, 41, 60, 82, 123, 164, 205, 246, 410, 492, 615, 820, 1230, 2460] 
MMY [262, 357, 2042] 95 [1, 5, 19, 95] 
MYH [263, 358, 2043, 2783] 95 [1, 5, 19, 95] 
HIE [265, 990, 1600] 725 [1, 5, 25, 29, 145, 725] 
IEQ [266, 991, 1601, 2203] 725 [1, 5, 25, 29, 145, 725] 
QFH [268, 783, 1603, 1638] 515 [1, 5, 103, 515] 
FHQ [269, 2234] 1965 [1, 3, 5, 15, 131, 393, 655, 1965] 
HQE [270, 1450, 1855] 1180 [1, 2, 4, 5, 10, 20, 59, 118, 236, 295, 590, 1180] 
EBE [272, 2632] 2360 [1, 2, 4, 5, 8, 10, 20, 40, 59, 118, 236, 295, 472, 590, 1180, 2360] 
AJI [275, 832] 557 [1, 557] 
JIF [276, 1086] 810 [1, 2, 3, 5, 6, 9, 10, 15, 18, 27, 30, 45, 54, 81, 90, 135, 162, 270, 405, 810] 
AOA [279, 2124, 2754] 1845 [1, 3, 5, 9, 15, 41, 45, 123, 205, 369, 615, 1845] 
OAZ [280, 1340] 1060 [1, 2, 4, 5, 10, 20, 53, 106, 212, 265, 530, 1060] 
AZV [281, 1341] 1060 [1, 2, 4, 5, 10, 20, 53, 106, 212, 265, 530, 1060] 
ZVF [282, 1217, 1342] 935 [1, 5, 11, 17, 55, 85, 187, 935] 
VFZ [283, 1343] 1060 [1, 2, 4, 5, 10, 20, 53, 106, 212, 265, 530, 1060] 
FZU [284, 1554] 1270 [1, 2, 5, 10, 127, 254, 635, 1270] 
HER [296, 1166] 870 [1, 2, 3, 5, 6, 10, 15, 29, 30, 58, 87, 145, 174, 290, 435, 870] 
VZH [299, 1549] 1250 [1, 2, 5, 10, 25, 50, 125, 250, 625, 1250] 
ITA [302, 1022, 1472] 720 [1, 2, 3, 4, 5, 6, 8, 9, 10, 12, 15, 16, 18, 20, 24, 30, 36, 40, 45, 48, 60, 72, 80, 90, 120, 144, 180, 240, 360, 720] 
AVA [304, 2424, 2691, 2729] 2120 [1, 2, 4, 5, 8, 10, 20, 40, 53, 106, 212, 265, 424, 530, 1060, 2120] 
AVD [306, 976, 2286] 670 [1, 2, 5, 10, 67, 134, 335, 670] 
VDH [307, 1728, 1737] 1421 [1, 7, 29, 49, 203, 1421] 
DHH [308, 2678] 2370 [1, 2, 3, 5, 6, 10, 15, 30, 79, 158, 237, 395, 474, 790, 1185, 2370] 
HZI [310, 2530, 2905] 2220 [1, 2, 3, 4, 5, 6, 10, 12, 15, 20, 30, 37, 60, 74, 111, 148, 185, 222, 370, 444, 555, 740, 1110, 2220] 
ILU [312, 432] 120 [1, 2, 3, 4, 5, 6, 8, 10, 12, 15, 20, 24, 30, 40, 60, 120] 
AJV [316, 2566] 2250 [1, 2, 3, 5, 6, 9, 10, 15, 18, 25, 30, 45, 50, 75, 90, 125, 150, 225, 250, 375, 450, 750, 1125, 2250] 
JVW [317, 982] 665 [1, 5, 7, 19, 35, 95, 133, 665] 
WBS [319, 1651] 1332 [1, 2, 3, 4, 6, 9, 12, 18, 36, 37, 74, 111, 148, 222, 333, 444, 666, 1332] 
BST [320, 1530, 2470] 1210 [1, 2, 5, 10, 11, 22, 55, 110, 121, 242, 605, 1210] 
STK [321, 1531] 1210 [1, 2, 5, 10, 11, 22, 55, 110, 121, 242, 605, 1210] 
TKA [322, 1532] 1210 [1, 2, 5, 10, 11, 22, 55, 110, 121, 242, 605, 1210] 
AXH [324, 2339] 2015 [1, 5, 13, 31, 65, 155, 403, 2015] 
XHI [325, 2340] 2015 [1, 5, 13, 31, 65, 155, 403, 2015] 
QQT [328, 2223] 1895 [1, 5, 379, 1895] 
QTN [329, 1734, 2099] 1405 [1, 5, 281, 1405] 
TNV [330, 1735, 2100] 1405 [1, 5, 281, 1405] 
NVD [331, 1736, 2101] 1405 [1, 5, 281, 1405] 
VDF [332, 2527] 2195 [1, 5, 439, 2195] 
FNJ [334, 829] 495 [1, 3, 5, 9, 11, 15, 33, 45, 55, 99, 165, 495] 
JJJ [336, 1426] 1090 [1, 2, 5, 10, 109, 218, 545, 1090] 
ELA [342, 902, 1542, 1622] 560 [1, 2, 4, 5, 7, 8, 10, 14, 16, 20, 28, 35, 40, 56, 70, 80, 112, 140, 280, 560] 
HYE [345, 2630] 2285 [1, 5, 457, 2285] 
FZO [349, 1354] 1005 [1, 3, 5, 15, 67, 201, 335, 1005] 
OIT [351, 1721, 2206] 1370 [1, 2, 5, 10, 137, 274, 685, 1370] 
YHX [359, 2044, 2174, 2374] 1685 [1, 5, 337, 1685] 
XML [361, 2046] 1685 [1, 5, 337, 1685] 
MLX [362, 2047] 1685 [1, 5, 337, 1685] 
LXH [363, 2048] 1685 [1, 5, 337, 1685] 
ERF [367, 672, 922, 1067] 305 [1, 5, 61, 305] 
FHN [369, 2969] 2600 [1, 2, 4, 5, 8, 10, 13, 20, 25, 26, 40, 50, 52, 65, 100, 104, 130, 200, 260, 325, 520, 650, 1300, 2600] 
HNF [370, 2970] 2600 [1, 2, 4, 5, 8, 10, 13, 20, 25, 26, 40, 50, 52, 65, 100, 104, 130, 200, 260, 325, 520, 650, 1300, 2600] 
NFD [371, 2971] 2600 [1, 2, 4, 5, 8, 10, 13, 20, 25, 26, 40, 50, 52, 65, 100, 104, 130, 200, 260, 325, 520, 650, 1300, 2600] 
FDW [372, 1497, 2972] 1125 [1, 3, 5, 9, 15, 25, 45, 75, 125, 225, 375, 1125] 
DWE [373, 1498, 2973] 1125 [1, 3, 5, 9, 15, 25, 45, 75, 125, 225, 375, 1125] 
WES [374, 1499, 2974] 1125 [1, 3, 5, 9, 15, 25, 45, 75, 125, 225, 375, 1125] 
ESL [375, 1500] 1125 [1, 3, 5, 9, 15, 25, 45, 75, 125, 225, 375, 1125] 
SLD [376, 706] 330 [1, 2, 3, 5, 6, 10, 11, 15, 22, 30, 33, 55, 66, 110, 165, 330] 
DQZ [378, 953] 575 [1, 5, 23, 25, 115, 575] 
QZN [379, 954, 1044, 2214, 2829] 575 [1, 5, 23, 25, 115, 575] 
ZNE [380, 955, 1630, 2220, 2830] 575 [1, 5, 23, 25, 115, 575] 
JJH [383, 1427] 1044 [1, 2, 3, 4, 6, 9, 12, 18, 29, 36, 58, 87, 116, 174, 261, 348, 522, 1044] 
AVQ [387, 737, 1042, 1382, 1582, 2394, 2902] 350 [1, 2, 5, 7, 10, 14, 25, 35, 50, 70, 175, 350] 
GWZ [390, 1535] 1145 [1, 5, 229, 1145] 
WZV [391, 1536] 1145 [1, 5, 229, 1145] 
EMA [397, 957, 2002] 560 [1, 2, 4, 5, 7, 8, 10, 14, 16, 20, 28, 35, 40, 56, 70, 80, 112, 140, 280, 560] 
MAJ [398, 2588] 2190 [1, 2, 3, 5, 6, 10, 15, 30, 73, 146, 219, 365, 438, 730, 1095, 2190] 
JMV [400, 1325, 1645, 1670] 925 [1, 5, 25, 37, 185, 925] 
MVA [401, 1326, 1671] 925 [1, 5, 25, 37, 185, 925] 
VAO [402, 1327, 1672, 2667] 925 [1, 5, 25, 37, 185, 925] 
OPM [404, 2140] 1736 [1, 2, 4, 7, 8, 14, 28, 31, 56, 62, 124, 217, 248, 434, 868, 1736] 
PMC [405, 596] 191 [1, 191] 
EGA [410, 1169, 1950, 2515] 759 [1, 3, 11, 23, 33, 69, 253, 759] 
QEQ [413, 1451] 1038 [1, 2, 3, 6, 173, 346, 519, 1038] 
EQW [414, 794, 1754, 2299] 380 [1, 2, 4, 5, 10, 19, 20, 38, 76, 95, 190, 380] 
ZCZ [418, 458] 40 [1, 2, 4, 5, 8, 10, 20, 40] 
CZX [419, 459] 40 [1, 2, 4, 5, 8, 10, 20, 40] 
XEF [421, 2401] 1980 [1, 2, 3, 4, 5, 6, 9, 10, 11, 12, 15, 18, 20, 22, 30, 33, 36, 44, 45, 55, 60, 66, 90, 99, 110, 132, 165, 180, 198, 220, 330, 396, 495, 660, 990, 1980] 
EFU [422, 877] 455 [1, 5, 7, 13, 35, 65, 91, 455] 
FUQ [423, 878] 455 [1, 5, 7, 13, 35, 65, 91, 455] 
ISQ [426, 1686] 1260 [1, 2, 3, 4, 5, 6, 7, 9, 10, 12, 14, 15, 18, 20, 21, 28, 30, 35, 36, 42, 45, 60, 63, 70, 84, 90, 105, 126, 140, 180, 210, 252, 315, 420, 630, 1260] 
SQF [427, 1687, 1717] 1260 [1, 2, 3, 4, 5, 6, 7, 9, 10, 12, 14, 15, 18, 20, 21, 28, 30, 35, 36, 42, 45, 60, 63, 70, 84, 90, 105, 126, 140, 180, 210, 252, 315, 420, 630, 1260] 
QFZ [428, 1308] 880 [1, 2, 4, 5, 8, 10, 11, 16, 20, 22, 40, 44, 55, 80, 88, 110, 176, 220, 440, 880] 
UQX [434, 879] 445 [1, 5, 89, 445] 
QXS [435, 880, 2014] 445 [1, 5, 89, 445] 
XSW [436, 1776] 1340 [1, 2, 4, 5, 10, 20, 67, 134, 268, 335, 670, 1340] 
WAF [438, 1468, 2593] 1030 [1, 2, 5, 10, 103, 206, 515, 1030] 
EAU [443, 1590, 2080] 1147 [1, 31, 37, 1147] 
AUS [444, 1094] 650 [1, 2, 5, 10, 13, 25, 26, 50, 65, 130, 325, 650] 
USO [445, 2777] 2332 [1, 2, 4, 11, 22, 44, 53, 106, 212, 583, 1166, 2332] 
SOP [446, 501] 55 [1, 5, 11, 55] 
SAV [463, 471, 975, 1571, 2423, 2936] 8 [1, 2, 4, 8] 
AVH [472, 1572] 1100 [1, 2, 4, 5, 10, 11, 20, 22, 25, 44, 50, 55, 100, 110, 220, 275, 550, 1100] 
BZW [477, 2247] 1770 [1, 2, 3, 5, 6, 10, 15, 30, 59, 118, 177, 295, 354, 590, 885, 1770] 
ZWD [478, 998] 520 [1, 2, 4, 5, 8, 10, 13, 20, 26, 40, 52, 65, 104, 130, 260, 520] 
WDX [479, 2434] 1955 [1, 5, 17, 23, 85, 115, 391, 1955] 
DXI [480, 665] 185 [1, 5, 37, 185] 
XIQ [481, 2818] 2337 [1, 3, 19, 41, 57, 123, 779, 2337] 
QHH [483, 538] 55 [1, 5, 11, 55] 
HNM [485, 1140, 2250] 655 [1, 5, 131, 655] 
FIU [488, 1798] 1310 [1, 2, 5, 10, 131, 262, 655, 1310] 
IUS [489, 1784] 1295 [1, 5, 7, 35, 37, 185, 259, 1295] 
USZ [490, 1700] 1210 [1, 2, 5, 10, 11, 22, 55, 110, 121, 242, 605, 1210] 
SZA [491, 1701, 1996, 2761, 2881] 1210 [1, 2, 5, 10, 11, 22, 55, 110, 121, 242, 605, 1210] 
ZAI [492, 2762, 2882] 2270 [1, 2, 5, 10, 227, 454, 1135, 2270] 
AIJ [493, 2763] 2270 [1, 2, 5, 10, 227, 454, 1135, 2270] 
OSO [500, 2562] 2062 [1, 2, 1031, 2062] 
HTV [511, 1081, 1186] 570 [1, 2, 3, 5, 6, 10, 15, 19, 30, 38, 57, 95, 114, 190, 285, 570] 
CZN [514, 1189] 675 [1, 3, 5, 9, 15, 25, 27, 45, 75, 135, 225, 675] 
MXU [517, 2982] 2465 [1, 5, 17, 29, 85, 145, 493, 2465] 
DXZ [523, 2008, 2573] 1485 [1, 3, 5, 9, 11, 15, 27, 33, 45, 55, 99, 135, 165, 297, 495, 1485] 
XZI [524, 2574] 2050 [1, 2, 5, 10, 25, 41, 50, 82, 205, 410, 1025, 2050] 
ZIT [525, 605, 995] 80 [1, 2, 4, 5, 8, 10, 16, 20, 40, 80] 
ITV [526, 606] 80 [1, 2, 4, 5, 8, 10, 16, 20, 40, 80] 
ZIE [530, 920, 1460, 1837, 2575, 2625] 390 [1, 2, 3, 5, 6, 10, 13, 15, 26, 30, 39, 65, 78, 130, 195, 390] 
EMY [532, 2782] 2250 [1, 2, 3, 5, 6, 9, 10, 15, 18, 25, 30, 45, 50, 75, 90, 125, 150, 225, 250, 375, 450, 750, 1125, 2250] 
MYD [533, 1852] 1319 [1, 1319] 
YDH [534, 1853] 1319 [1, 1319] 
DHE [535, 1165, 2615] 630 [1, 2, 3, 5, 6, 7, 9, 10, 14, 15, 18, 21, 30, 35, 42, 45, 63, 70, 90, 105, 126, 210, 315, 630] 
HEQ [536, 2836] 2300 [1, 2, 4, 5, 10, 20, 23, 25, 46, 50, 92, 100, 115, 230, 460, 575, 1150, 2300] 
EQH [537, 1452, 2874] 915 [1, 3, 5, 15, 61, 183, 305, 915] 
ETI [547, 1522] 975 [1, 3, 5, 13, 15, 25, 39, 65, 75, 195, 325, 975] 
TIW [548, 1613] 1065 [1, 3, 5, 15, 71, 213, 355, 1065] 
IWA [549, 2122] 1573 [1, 11, 13, 121, 143, 1573] 
WAV [550, 736, 2285, 2690, 2715] 186 [1, 2, 3, 6, 31, 62, 93, 186] 
AVV [551, 2231, 2716] 1680 [1, 2, 3, 4, 5, 6, 7, 8, 10, 12, 14, 15, 16, 20, 21, 24, 28, 30, 35, 40, 42, 48, 56, 60, 70, 80, 84, 105, 112, 120, 140, 168, 210, 240, 280, 336, 420, 560, 840, 1680] 
VVV [552, 2952] 2400 [1, 2, 3, 4, 5, 6, 8, 10, 12, 15, 16, 20, 24, 25, 30, 32, 40, 48, 50, 60, 75, 80, 96, 100, 120, 150, 160, 200, 240, 300, 400, 480, 600, 800, 1200, 2400] 
VVZ [553, 1593, 1933, 2953] 1040 [1, 2, 4, 5, 8, 10, 13, 16, 20, 26, 40, 52, 65, 80, 104, 130, 208, 260, 520, 1040] 
VZX [554, 2992] 2438 [1, 2, 23, 46, 53, 106, 1219, 2438] 
SIP [558, 2743] 2185 [1, 5, 19, 23, 95, 115, 437, 2185] 
POM [560, 1195] 635 [1, 5, 127, 635] 
OMT [561, 2346] 1785 [1, 3, 5, 7, 15, 17, 21, 35, 51, 85, 105, 119, 255, 357, 595, 1785] 
PHN [564, 1139] 575 [1, 5, 23, 25, 115, 575] 
NGZ [566, 2031] 1465 [1, 5, 293, 1465] 
ZXZ [568, 2993] 2425 [1, 5, 25, 97, 485, 2425] 
XZC [569, 2994] 2425 [1, 5, 25, 97, 485, 2425] 
FNU [574, 1689] 1115 [1, 5, 223, 1115] 
UIS [576, 2431] 1855 [1, 5, 7, 35, 53, 265, 371, 1855] 
ISE [577, 1666, 1771] 1089 [1, 3, 9, 11, 33, 99, 121, 363, 1089] 
GVW [582, 722] 140 [1, 2, 4, 5, 7, 10, 14, 20, 28, 35, 70, 140] 
VWZ [583, 983] 400 [1, 2, 4, 5, 8, 10, 16, 20, 25, 40, 50, 80, 100, 200, 400] 
RZP [587, 1182] 595 [1, 5, 7, 17, 35, 85, 119, 595] 
ZPD [588, 663, 1078, 1183] 75 [1, 3, 5, 15, 25, 75] 
MIC [593, 2673, 2758, 2878] 2080 [1, 2, 4, 5, 8, 10, 13, 16, 20, 26, 32, 40, 52, 65, 80, 104, 130, 160, 208, 260, 416, 520, 1040, 2080] 
AWX [599, 1064] 465 [1, 3, 5, 15, 31, 93, 155, 465] 
WXE [600, 1005, 1065, 1280, 1615] 405 [1, 3, 5, 9, 15, 27, 45, 81, 135, 405] 
XEM [601, 1281] 680 [1, 2, 4, 5, 8, 10, 17, 20, 34, 40, 68, 85, 136, 170, 340, 680] 
EMW [602, 1282, 2627] 680 [1, 2, 4, 5, 8, 10, 17, 20, 34, 40, 68, 85, 136, 170, 340, 680] 
WZI [604, 629, 1836, 2039] 25 [1, 5, 25] 
TVW [607, 2682] 2075 [1, 5, 25, 83, 415, 2075] 
VWA [608, 735] 127 [1, 127] 
WVW [611, 2311] 1700 [1, 2, 4, 5, 10, 17, 20, 25, 34, 50, 68, 85, 100, 170, 340, 425, 850, 1700] 
VWI [612, 2312] 1700 [1, 2, 4, 5, 10, 17, 20, 25, 34, 50, 68, 85, 100, 170, 340, 425, 850, 1700] 
IWX [614, 1279, 1614] 665 [1, 5, 7, 19, 35, 95, 133, 665] 
SVS [621, 2336, 2871] 1715 [1, 5, 7, 35, 49, 245, 343, 1715] 
VSA [622, 2337] 1715 [1, 5, 7, 35, 49, 245, 343, 1715] 
SAX [623, 2338] 1715 [1, 5, 7, 35, 49, 245, 343, 1715] 
CMO [626, 986] 360 [1, 2, 3, 4, 5, 6, 8, 9, 10, 12, 15, 18, 20, 24, 30, 36, 40, 45, 60, 72, 90, 120, 180, 360] 
MOW [627, 987] 360 [1, 2, 3, 4, 5, 6, 8, 9, 10, 12, 15, 18, 20, 24, 30, 36, 40, 45, 60, 72, 90, 120, 180, 360] 
ZIB [630, 800] 170 [1, 2, 5, 10, 17, 34, 85, 170] 
IKW [652, 962] 310 [1, 2, 5, 10, 31, 62, 155, 310] 
KWD [653, 963] 310 [1, 2, 5, 10, 31, 62, 155, 310] 
WDC [654, 964, 999] 310 [1, 2, 5, 10, 31, 62, 155, 310] 
DCI [655, 965, 1000] 310 [1, 2, 5, 10, 31, 62, 155, 310] 
PAV [660, 1381] 721 [1, 7, 103, 721] 
VZP [662, 1077] 415 [1, 5, 83, 415] 
IRE [667, 927, 932, 1107] 260 [1, 2, 4, 5, 10, 13, 20, 26, 52, 65, 130, 260] 
IXE [670, 1002] 332 [1, 2, 4, 83, 166, 332] 
XER [671, 1006, 1066, 1071, 1616] 335 [1, 5, 67, 335] 
RFD [673, 923, 1068] 250 [1, 2, 5, 10, 25, 50, 125, 250] 
OWX [679, 1774] 1095 [1, 3, 5, 15, 73, 219, 365, 1095] 
WXS [680, 840, 850, 1775] 160 [1, 2, 4, 5, 8, 10, 16, 20, 32, 40, 80, 160] 
XSR [681, 881, 1925, 2015] 200 [1, 2, 4, 5, 8, 10, 20, 25, 40, 50, 100, 200] 
AAA [700, 1288] 588 [1, 2, 3, 4, 6, 7, 12, 14, 21, 28, 42, 49, 84, 98, 147, 196, 294, 588] 
XAJ [710, 2565] 1855 [1, 5, 7, 35, 53, 265, 371, 1855] 
VHC [714, 774] 60 [1, 2, 3, 4, 5, 6, 10, 12, 15, 20, 30, 60] 
HCV [715, 1075] 360 [1, 2, 3, 4, 5, 6, 8, 9, 10, 12, 15, 18, 20, 24, 30, 36, 40, 45, 60, 72, 90, 120, 180, 360] 
CVV [716, 1437] 721 [1, 7, 103, 721] 
VXE [718, 1900, 2400] 1182 [1, 2, 3, 6, 197, 394, 591, 1182] 
SGV [721, 1386] 665 [1, 5, 7, 19, 35, 95, 133, 665] 
VWE [723, 2683] 1960 [1, 2, 4, 5, 7, 8, 10, 14, 20, 28, 35, 40, 49, 56, 70, 98, 140, 196, 245, 280, 392, 490, 980, 1960] 
EAZ [725, 2655] 1930 [1, 2, 5, 10, 193, 386, 965, 1930] 
AZC [726, 2656] 1930 [1, 2, 5, 10, 193, 386, 965, 1930] 
EQS [729, 1994, 2134] 1265 [1, 5, 11, 23, 55, 115, 253, 1265] 
PRV [733, 2263] 1530 [1, 2, 3, 5, 6, 9, 10, 15, 17, 18, 30, 34, 45, 51, 85, 90, 102, 153, 170, 255, 306, 510, 765, 1530] 
RVW [734, 1929, 2464] 1195 [1, 5, 239, 1195] 
VQO [738, 1383] 645 [1, 3, 5, 15, 43, 129, 215, 645] 
QOS [739, 1384] 645 [1, 3, 5, 15, 43, 129, 215, 645] 
RIX [743, 2408] 1665 [1, 3, 5, 9, 15, 37, 45, 111, 185, 333, 555, 1665] 
IXS [744, 1924] 1180 [1, 2, 4, 5, 10, 20, 59, 118, 236, 295, 590, 1180] 
SZZ [746, 1981, 2661] 1235 [1, 5, 13, 19, 65, 95, 247, 1235] 
ZND [748, 2698] 1950 [1, 2, 3, 5, 6, 10, 13, 15, 25, 26, 30, 39, 50, 65, 75, 78, 130, 150, 195, 325, 390, 650, 975, 1950] 
MVR [752, 786] 34 [1, 2, 17, 34] 
VRD [753, 1413] 660 [1, 2, 3, 4, 5, 6, 10, 11, 12, 15, 20, 22, 30, 33, 44, 55, 60, 66, 110, 132, 165, 220, 330, 660] 
RAP [758, 883, 1203] 125 [1, 5, 25, 125] 
SXO [767, 842] 75 [1, 3, 5, 15, 25, 75] 
OJA [769, 2229] 1460 [1, 2, 4, 5, 10, 20, 73, 146, 292, 365, 730, 1460] 
JHO [779, 889] 110 [1, 2, 5, 10, 11, 22, 55, 110] 
HOM [780, 890] 110 [1, 2, 5, 10, 11, 22, 55, 110] 
OMQ [781, 891, 1196] 110 [1, 2, 5, 10, 11, 22, 55, 110] 
RIU [788, 1783] 995 [1, 5, 199, 995] 
TEQ [793, 2298] 1505 [1, 5, 7, 35, 43, 215, 301, 1505] 
QWU [795, 2300] 1505 [1, 5, 7, 35, 43, 215, 301, 1505] 
UKE [797, 1097, 2062] 300 [1, 2, 3, 4, 5, 6, 10, 12, 15, 20, 25, 30, 50, 60, 75, 100, 150, 300] 
ZRZ [803, 2033, 2623] 1230 [1, 2, 3, 5, 6, 10, 15, 30, 41, 82, 123, 205, 246, 410, 615, 1230] 
RZC [804, 2612] 1808 [1, 2, 4, 8, 16, 113, 226, 452, 904, 1808] 
ZCB [805, 2995] 2190 [1, 2, 3, 5, 6, 10, 15, 30, 73, 146, 219, 365, 438, 730, 1095, 2190] 
CBZ [806, 2996] 2190 [1, 2, 3, 5, 6, 10, 15, 30, 73, 146, 219, 365, 438, 730, 1095, 2190] 
ZOB [808, 1355] 547 [1, 547] 
OBJ [809, 1356] 547 [1, 547] 
JML [811, 2241] 1430 [1, 2, 5, 10, 11, 13, 22, 26, 55, 65, 110, 130, 143, 286, 715, 1430] 
MLI [812, 1142] 330 [1, 2, 3, 5, 6, 10, 11, 15, 22, 30, 33, 55, 66, 110, 165, 330] 
IUZ [814, 2884] 2070 [1, 2, 3, 5, 6, 9, 10, 15, 18, 23, 30, 45, 46, 69, 90, 115, 138, 207, 230, 345, 414, 690, 1035, 2070] 
UZE [815, 2000, 2885] 1185 [1, 3, 5, 15, 79, 237, 395, 1185] 
ZEM [816, 1921, 2001, 2256, 2781, 2886] 1105 [1, 5, 13, 17, 65, 85, 221, 1105] 
EMQ [817, 2257] 1440 [1, 2, 3, 4, 5, 6, 8, 9, 10, 12, 15, 16, 18, 20, 24, 30, 32, 36, 40, 45, 48, 60, 72, 80, 90, 96, 120, 144, 160, 180, 240, 288, 360, 480, 720, 1440] 
ZJC [820, 1435, 1455, 2272] 615 [1, 3, 5, 15, 41, 123, 205, 615] 
ZPO [823, 2128] 1305 [1, 3, 5, 9, 15, 29, 45, 87, 145, 261, 435, 1305] 
WAJ [826, 906] 80 [1, 2, 4, 5, 8, 10, 16, 20, 40, 80] 
SZV [836, 871, 1216, 1861] 35 [1, 5, 7, 35] 
VUW [838, 2283] 1445 [1, 5, 17, 85, 289, 1445] 
UWX [839, 849] 10 [1, 2, 5, 10] 
VHZ [858, 873, 1573] 15 [1, 3, 5, 15] 
HZJ [859, 1429, 1454] 570 [1, 2, 3, 5, 6, 10, 15, 19, 30, 38, 57, 95, 114, 190, 285, 570] 
ZJX [860, 2895] 2035 [1, 5, 11, 37, 55, 185, 407, 2035] 
DRH [863, 1348] 485 [1, 5, 97, 485] 
ABA [866, 2956] 2090 [1, 2, 5, 10, 11, 19, 22, 38, 55, 95, 110, 190, 209, 418, 1045, 2090] 
BAA [867, 2957] 2090 [1, 2, 5, 10, 11, 19, 22, 38, 55, 95, 110, 190, 209, 418, 1045, 2090] 
AAB [868, 1290, 1375, 2933] 422 [1, 2, 211, 422] 
ABS [869, 2934] 2065 [1, 5, 7, 35, 59, 295, 413, 2065] 
HZP [874, 1364, 1574] 490 [1, 2, 5, 7, 10, 14, 35, 49, 70, 98, 245, 490] 
IEE [886, 2116] 1230 [1, 2, 3, 5, 6, 10, 15, 30, 41, 82, 123, 205, 246, 410, 615, 1230] 
MQA [892, 1482, 2727] 590 [1, 2, 5, 10, 59, 118, 295, 590] 
QAV [893, 1483, 2728] 590 [1, 2, 5, 10, 59, 118, 295, 590] 
AVX [894, 1484, 2959] 590 [1, 2, 5, 10, 59, 118, 295, 590] 
VXM [895, 1485, 2960] 590 [1, 2, 5, 10, 59, 118, 295, 590] 
XEL [901, 2436] 1535 [1, 5, 307, 1535] 
LAU [903, 1543] 640 [1, 2, 4, 5, 8, 10, 16, 20, 32, 40, 64, 80, 128, 160, 320, 640] 
AUW [904, 2318] 1414 [1, 2, 7, 14, 101, 202, 707, 1414] 
UWA [905, 1894, 2284] 989 [1, 23, 43, 989] 
HYM [910, 1825] 915 [1, 3, 5, 15, 61, 183, 305, 915] 
PDH [914, 1079, 1184] 165 [1, 3, 5, 11, 15, 33, 55, 165] 
TIR [926, 931] 5 [1, 5] 
REU [928, 933] 5 [1, 5] 
EUZ [934, 1704, 1999] 770 [1, 2, 5, 7, 10, 11, 14, 22, 35, 55, 70, 77, 110, 154, 385, 770] 
UZS [935, 1705] 770 [1, 2, 5, 7, 10, 11, 14, 22, 35, 55, 70, 77, 110, 154, 385, 770] 
SQO [937, 1322, 2227] 385 [1, 5, 7, 11, 35, 55, 77, 385] 
VVE [943, 1293] 350 [1, 2, 5, 7, 10, 14, 25, 35, 50, 70, 175, 350] 
AIK [961, 1391] 430 [1, 2, 5, 10, 43, 86, 215, 430] 
IAE [967, 1477] 510 [1, 2, 3, 5, 6, 10, 15, 17, 30, 34, 51, 85, 102, 170, 255, 510] 
EBS [969, 1089] 120 [1, 2, 3, 4, 5, 6, 8, 10, 12, 15, 20, 24, 30, 40, 60, 120] 
ESA [974, 1120, 2487] 146 [1, 2, 73, 146] 
DKH [978, 1448] 470 [1, 2, 5, 10, 47, 94, 235, 470] 
HJJ [980, 2945] 1965 [1, 3, 5, 15, 131, 393, 655, 1965] 
JJV [981, 1016] 35 [1, 5, 7, 35] 
ZCM [985, 1505] 520 [1, 2, 4, 5, 8, 10, 13, 20, 26, 40, 52, 65, 104, 130, 260, 520] 
EQA [992, 1872, 1902, 1942] 880 [1, 2, 4, 5, 8, 10, 11, 16, 20, 22, 40, 44, 55, 80, 88, 110, 176, 220, 440, 880] 
NZZ [1011, 1561] 550 [1, 2, 5, 10, 11, 22, 25, 50, 55, 110, 275, 550] 
ZFD [1013, 1578, 1658] 565 [1, 5, 113, 565] 
JVK [1017, 1047, 2167] 30 [1, 2, 3, 5, 6, 10, 15, 30] 
VKD [1018, 1048, 2168, 2493] 30 [1, 2, 3, 5, 6, 10, 15, 30] 
DYI [1020, 1970, 2170] 950 [1, 2, 5, 10, 19, 25, 38, 50, 95, 190, 475, 950] 
YIT [1021, 1471, 2171] 450 [1, 2, 3, 5, 6, 9, 10, 15, 18, 25, 30, 45, 50, 75, 90, 150, 225, 450] 
TAU [1023, 1473, 2317, 2483] 450 [1, 2, 3, 5, 6, 9, 10, 15, 18, 25, 30, 45, 50, 75, 90, 150, 225, 450] 
AUO [1024, 1474] 450 [1, 2, 3, 5, 6, 9, 10, 15, 18, 25, 30, 45, 50, 75, 90, 150, 225, 450] 
OEL [1026, 2866] 1840 [1, 2, 4, 5, 8, 10, 16, 20, 23, 40, 46, 80, 92, 115, 184, 230, 368, 460, 920, 1840] 
PZO [1029, 1394] 365 [1, 5, 73, 365] 
TIE [1038, 2307] 1269 [1, 3, 9, 27, 47, 141, 423, 1269] 
EAA [1040, 1839, 1975] 799 [1, 17, 47, 799] 
AAV [1041, 2958] 1917 [1, 3, 9, 27, 71, 213, 639, 1917] 
VQZ [1043, 2213] 1170 [1, 2, 3, 5, 6, 9, 10, 13, 15, 18, 26, 30, 39, 45, 65, 78, 90, 117, 130, 195, 234, 390, 585, 1170] 
ZNJ [1045, 1310, 2215] 265 [1, 5, 53, 265] 
NJV [1046, 2021, 2166] 975 [1, 3, 5, 13, 15, 25, 39, 65, 75, 195, 325, 975] 
MFA [1057, 2507] 1450 [1, 2, 5, 10, 25, 29, 50, 58, 145, 290, 725, 1450] 
BHC [1074, 2889] 1815 [1, 3, 5, 11, 15, 33, 55, 121, 165, 363, 605, 1815] 
DHT [1080, 1185, 2495] 105 [1, 3, 5, 7, 15, 21, 35, 105] 
VDJ [1084, 2077] 993 [1, 3, 331, 993] 
IFE [1087, 1752] 665 [1, 5, 7, 19, 35, 95, 133, 665] 
SUK [1096, 2391] 1295 [1, 5, 7, 35, 37, 185, 259, 1295] 
EVW [1099, 1959, 2309] 860 [1, 2, 4, 5, 10, 20, 43, 86, 172, 215, 430, 860] 
APH [1104, 2704] 1600 [1, 2, 4, 5, 8, 10, 16, 20, 25, 32, 40, 50, 64, 80, 100, 160, 200, 320, 400, 800, 1600] 
PHI [1105, 1599] 494 [1, 2, 13, 19, 26, 38, 247, 494] 
REJ [1108, 2473] 1365 [1, 3, 5, 7, 13, 15, 21, 35, 39, 65, 91, 105, 195, 273, 455, 1365] 
EJW [1109, 2454] 1345 [1, 5, 269, 1345] 
WKZ [1111, 2441] 1330 [1, 2, 5, 7, 10, 14, 19, 35, 38, 70, 95, 133, 190, 266, 665, 1330] 
RZR [1117, 1927, 2462, 2642] 810 [1, 2, 3, 5, 6, 9, 10, 15, 18, 27, 30, 45, 54, 81, 90, 135, 162, 270, 405, 810] 
ZRE [1118, 1297, 2417] 179 [1, 179] 
SAD [1121, 1653, 2676] 532 [1, 2, 4, 7, 14, 19, 28, 38, 76, 133, 266, 532] 
GZQ [1124, 2599] 1475 [1, 5, 25, 59, 295, 1475] 
ZQT [1125, 2095] 970 [1, 2, 5, 10, 97, 194, 485, 970] 
LZV [1132, 1502, 1662] 370 [1, 2, 5, 10, 37, 74, 185, 370] 
ZVZ [1133, 1503, 1663] 370 [1, 2, 5, 10, 37, 74, 185, 370] 
NML [1141, 2251] 1110 [1, 2, 3, 5, 6, 10, 15, 30, 37, 74, 111, 185, 222, 370, 555, 1110] 
IBS [1144, 1529, 1569] 385 [1, 5, 7, 11, 35, 55, 77, 385] 
SLV [1146, 2556] 1410 [1, 2, 3, 5, 6, 10, 15, 30, 47, 94, 141, 235, 282, 470, 705, 1410] 
LVR [1147, 1412, 1512, 2147, 2322, 2557] 265 [1, 5, 53, 265] 
ADF [1174, 1552, 2967] 378 [1, 2, 3, 6, 7, 9, 14, 18, 21, 27, 42, 54, 63, 126, 189, 378] 
FEQ [1176, 1753] 577 [1, 577] 
ZNI [1190, 1885] 695 [1, 5, 139, 695] 
APO [1194, 1869] 675 [1, 3, 5, 9, 15, 25, 27, 45, 75, 135, 225, 675] 
UWO [1199, 1794] 595 [1, 5, 7, 17, 35, 85, 119, 595] 
WOM [1200, 1795, 2505] 595 [1, 5, 7, 17, 35, 85, 119, 595] 
RIW [1208, 1788] 580 [1, 2, 4, 5, 10, 20, 29, 58, 116, 145, 290, 580] 
EGW [1229, 1649] 420 [1, 2, 3, 4, 5, 6, 7, 10, 12, 14, 15, 20, 21, 28, 30, 35, 42, 60, 70, 84, 105, 140, 210, 420] 
GWU [1230, 2770] 1540 [1, 2, 4, 5, 7, 10, 11, 14, 20, 22, 28, 35, 44, 55, 70, 77, 110, 140, 154, 220, 308, 385, 770, 1540] 
IGA [1240, 1745, 2194] 505 [1, 5, 101, 505] 
MMI [1247, 1517, 2177, 2877] 270 [1, 2, 3, 5, 6, 9, 10, 15, 18, 27, 30, 45, 54, 90, 135, 270] 
MIX [1248, 1518, 1923] 270 [1, 2, 3, 5, 6, 9, 10, 15, 18, 27, 30, 45, 54, 90, 135, 270] 
AAT [1256, 2290] 1034 [1, 2, 11, 22, 47, 94, 517, 1034] 
GUJ [1261, 1946, 2511] 685 [1, 5, 137, 685] 
NJS [1275, 1715] 440 [1, 2, 4, 5, 8, 10, 11, 20, 22, 40, 44, 55, 88, 110, 220, 440] 
MWH [1283, 2157, 2603, 2628] 874 [1, 2, 19, 23, 38, 46, 437, 874] 
WHX [1284, 2604] 1320 [1, 2, 3, 4, 5, 6, 8, 10, 11, 12, 15, 20, 22, 24, 30, 33, 40, 44, 55, 60, 66, 88, 110, 120, 132, 165, 220, 264, 330, 440, 660, 1320] 
IAA [1287, 2105, 2932] 818 [1, 2, 409, 818] 
EWZ [1295, 1835, 2150] 540 [1, 2, 3, 4, 5, 6, 9, 10, 12, 15, 18, 20, 27, 30, 36, 45, 54, 60, 90, 108, 135, 180, 270, 540] 
WZR [1296, 2416] 1120 [1, 2, 4, 5, 7, 8, 10, 14, 16, 20, 28, 32, 35, 40, 56, 70, 80, 112, 140, 160, 224, 280, 560, 1120] 
JZV [1312, 2467] 1155 [1, 3, 5, 7, 11, 15, 21, 33, 35, 55, 77, 105, 165, 231, 385, 1155] 
OEQ [1316, 1871] 555 [1, 3, 5, 15, 37, 111, 185, 555] 
JSQ [1321, 1716] 395 [1, 5, 79, 395] 
QOJ [1323, 2228] 905 [1, 5, 181, 905] 
OJM [1324, 1644, 1669] 320 [1, 2, 4, 5, 8, 10, 16, 20, 32, 40, 64, 80, 160, 320] 
EWA [1330, 1467] 137 [1, 137] 
WAZ [1331, 1895] 564 [1, 2, 3, 4, 6, 12, 47, 94, 141, 188, 282, 564] 
ZYH [1333, 2443] 1110 [1, 2, 3, 5, 6, 10, 15, 30, 37, 74, 111, 185, 222, 370, 555, 1110] 
YHJ [1334, 1539, 1619, 2209] 205 [1, 5, 41, 205] 
FZQ [1344, 1879] 535 [1, 5, 107, 535] 
MMF [1352, 2722] 1370 [1, 2, 5, 10, 137, 274, 685, 1370] 
MFZ [1353, 2618] 1265 [1, 5, 11, 23, 55, 115, 253, 1265] 
JHZ [1363, 1428] 65 [1, 5, 13, 65] 
IFI [1367, 2342, 2532, 2917] 975 [1, 3, 5, 13, 15, 25, 39, 65, 75, 195, 325, 975] 
DYA [1373, 2288] 915 [1, 3, 5, 15, 61, 183, 305, 915] 
YAA [1374, 2289] 915 [1, 3, 5, 15, 61, 183, 305, 915] 
ZCD [1378, 1968, 2613] 590 [1, 2, 5, 10, 59, 118, 295, 590] 
CDP [1379, 1442, 1882] 63 [1, 3, 7, 9, 21, 63] 
IKP [1392, 2277] 885 [1, 3, 5, 15, 59, 177, 295, 885] 
ZUO [1418, 2663] 1245 [1, 3, 5, 15, 83, 249, 415, 1245] 
UOG [1419, 2664] 1245 [1, 3, 5, 15, 83, 249, 415, 1245] 
OGV [1420, 2665] 1245 [1, 3, 5, 15, 83, 249, 415, 1245] 
ACD [1441, 1626] 185 [1, 5, 37, 185] 
QHZ [1453, 2904] 1451 [1, 1451] 
CDR [1457, 2382] 925 [1, 5, 25, 37, 185, 925] 
DRZ [1458, 1768] 310 [1, 2, 5, 10, 31, 62, 155, 310] 
RZI [1459, 1769, 2624] 310 [1, 2, 5, 10, 31, 62, 155, 310] 
EII [1462, 2807] 1345 [1, 5, 269, 1345] 
IIQ [1463, 2808] 1345 [1, 5, 269, 1345] 
IQX [1464, 2809] 1345 [1, 5, 269, 1345] 
QXE [1465, 2065, 2810] 600 [1, 2, 3, 4, 5, 6, 8, 10, 12, 15, 20, 24, 25, 30, 40, 50, 60, 75, 100, 120, 150, 200, 300, 600] 
AEU [1478, 1703, 1998] 225 [1, 3, 5, 9, 15, 25, 45, 75, 225] 
VZC [1504, 1967] 463 [1, 463] 
SVZ [1508, 2991] 1483 [1, 1483] 
HQM [1515, 1730, 2110] 215 [1, 5, 43, 215] 
QMM [1516, 1791, 2601] 275 [1, 5, 11, 25, 55, 275] 
OMF [1526, 1796, 2506] 270 [1, 2, 3, 5, 6, 9, 10, 15, 18, 27, 30, 45, 54, 90, 135, 270] 
AGW [1534, 2769] 1235 [1, 5, 13, 19, 65, 95, 247, 1235] 
JEL [1541, 1621] 80 [1, 2, 4, 5, 8, 10, 16, 20, 40, 80] 
AUA [1544, 2144] 600 [1, 2, 3, 4, 5, 6, 8, 10, 12, 15, 20, 24, 25, 30, 40, 50, 60, 75, 100, 120, 150, 200, 300, 600] 
VGZ [1558, 2938] 1380 [1, 2, 3, 4, 5, 6, 10, 12, 15, 20, 23, 30, 46, 60, 69, 92, 115, 138, 230, 276, 345, 460, 690, 1380] 
GZN [1559, 2939] 1380 [1, 2, 3, 4, 5, 6, 10, 12, 15, 20, 23, 30, 46, 60, 69, 92, 115, 138, 230, 276, 345, 460, 690, 1380] 
BSA [1570, 1652, 2935] 82 [1, 2, 41, 82] 
AZF [1577, 1657] 80 [1, 2, 4, 5, 8, 10, 16, 20, 40, 80] 
NAV [1581, 2901] 1320 [1, 2, 3, 4, 5, 6, 8, 10, 11, 12, 15, 20, 22, 24, 30, 33, 40, 44, 55, 60, 66, 88, 110, 120, 132, 165, 220, 264, 330, 440, 660, 1320] 
VQH [1583, 2903] 1320 [1, 2, 3, 4, 5, 6, 8, 10, 11, 12, 15, 20, 22, 24, 30, 33, 40, 44, 55, 60, 66, 88, 110, 120, 132, 165, 220, 264, 330, 440, 660, 1320] 
UVV [1592, 1932] 340 [1, 2, 4, 5, 10, 17, 20, 34, 68, 85, 170, 340] 
VZN [1594, 1934] 340 [1, 2, 4, 5, 10, 17, 20, 34, 68, 85, 170, 340] 
ZNY [1595, 2940] 1345 [1, 5, 269, 1345] 
FHX [1604, 1639] 35 [1, 5, 7, 35] 
XET [1606, 2066] 460 [1, 2, 4, 5, 10, 20, 23, 46, 92, 115, 230, 460] 
ETA [1607, 2482] 875 [1, 5, 7, 25, 35, 125, 175, 875] 
TAW [1608, 1963] 355 [1, 5, 71, 355] 
AEA [1624, 1874] 250 [1, 2, 5, 10, 25, 50, 125, 250] 
CDT [1627, 2977] 1350 [1, 2, 3, 5, 6, 9, 10, 15, 18, 25, 27, 30, 45, 50, 54, 75, 90, 135, 150, 225, 270, 450, 675, 1350] 
DTZ [1628, 2978] 1350 [1, 2, 3, 5, 6, 9, 10, 15, 18, 25, 27, 30, 45, 50, 54, 75, 90, 135, 150, 225, 270, 450, 675, 1350] 
NEQ [1631, 1636, 2221, 2831] 5 [1, 5] 
VIE [1647, 1988] 341 [1, 11, 31, 341] 
IEG [1648, 2268] 620 [1, 2, 4, 5, 10, 20, 31, 62, 124, 155, 310, 620] 
ADH [1654, 2677] 1023 [1, 3, 11, 31, 33, 93, 341, 1023] 
ZIS [1665, 1770] 105 [1, 3, 5, 7, 15, 21, 35, 105] 
SEO [1667, 1772] 105 [1, 3, 5, 7, 15, 21, 35, 105] 
AOG [1673, 2988] 1315 [1, 5, 263, 1315] 
OGS [1674, 2074, 2989] 400 [1, 2, 4, 5, 8, 10, 16, 20, 25, 40, 50, 80, 100, 200, 400] 
SVR [1676, 2766] 1090 [1, 2, 5, 10, 109, 218, 545, 1090] 
VRO [1677, 2323] 646 [1, 2, 17, 19, 34, 38, 323, 646] 
EXI [1680, 2817] 1137 [1, 3, 379, 1137] 
ANV [1696, 2491] 795 [1, 3, 5, 15, 53, 159, 265, 795] 
ZAE [1702, 1997] 295 [1, 5, 59, 295] 
OQG [1709, 2774] 1065 [1, 3, 5, 15, 71, 213, 355, 1065] 
CDY [1724, 1969] 245 [1, 5, 7, 35, 49, 245] 
DHQ [1729, 1854] 125 [1, 5, 25, 125] 
QMK [1731, 1831] 100 [1, 2, 4, 5, 10, 20, 25, 50, 100] 
HNN [1739, 2354] 615 [1, 3, 5, 15, 41, 123, 205, 615] 
QOI [1750, 2205] 455 [1, 5, 7, 13, 35, 65, 91, 455] 
MAU [1760, 2143] 383 [1, 383] 
IES [1764, 2839] 1075 [1, 5, 25, 43, 215, 1075] 
KPH [1803, 2278] 475 [1, 5, 19, 25, 95, 475] 
PHZ [1804, 2279] 475 [1, 5, 19, 25, 95, 475] 
SCD [1811, 2976] 1165 [1, 5, 233, 1165] 
AEW [1814, 2004] 190 [1, 2, 5, 10, 19, 38, 95, 190] 
EFE [1857, 2402] 545 [1, 5, 109, 545] 
VGS [1864, 2749, 2854, 2949] 885 [1, 3, 5, 15, 59, 177, 295, 885] 
SVT [1866, 2751, 2856] 885 [1, 3, 5, 15, 59, 177, 295, 885] 
VTA [1867, 2752] 885 [1, 3, 5, 15, 59, 177, 295, 885] 
QAE [1873, 1943, 2820] 70 [1, 2, 5, 7, 10, 14, 35, 70] 
QCD [1881, 2381] 500 [1, 2, 4, 5, 10, 20, 25, 50, 100, 125, 250, 500] 
WIV [1898, 2313, 2398] 415 [1, 5, 83, 415] 
IVX [1899, 2399] 500 [1, 2, 4, 5, 10, 20, 25, 50, 100, 125, 250, 500] 
ZIQ [1906, 2906] 1000 [1, 2, 4, 5, 8, 10, 20, 25, 40, 50, 100, 125, 200, 250, 500, 1000] 
IQA [1907, 2819] 912 [1, 2, 3, 4, 6, 8, 12, 16, 19, 24, 38, 48, 57, 76, 114, 152, 228, 304, 456, 912] 
MOS [1911, 2561] 650 [1, 2, 5, 10, 13, 25, 26, 50, 65, 130, 325, 650] 
DFH [1918, 2528, 2968] 610 [1, 2, 5, 10, 61, 122, 305, 610] 
FHZ [1919, 2529] 610 [1, 2, 5, 10, 61, 122, 305, 610] 
HZE [1920, 2280] 360 [1, 2, 3, 4, 5, 6, 8, 9, 10, 12, 15, 18, 20, 24, 30, 36, 40, 45, 60, 72, 90, 120, 180, 360] 
SRZ [1926, 2016, 2476, 2641] 90 [1, 2, 3, 5, 6, 9, 10, 15, 18, 30, 45, 90] 
ZRV [1928, 2463] 535 [1, 5, 107, 535] 
AEG [1944, 2509] 565 [1, 5, 113, 565] 
EGU [1945, 2510] 565 [1, 5, 113, 565] 
UJV [1947, 2512] 565 [1, 5, 113, 565] 
VEG [1949, 2514] 565 [1, 5, 113, 565] 
IQI [1972, 2114] 142 [1, 2, 71, 142] 
QIE [1973, 2115, 2815, 2838] 142 [1, 2, 71, 142] 
QSZ [1980, 1995, 2660] 15 [1, 3, 5, 15] 
IEW [1989, 2439] 450 [1, 2, 3, 5, 6, 9, 10, 15, 18, 25, 30, 45, 50, 75, 90, 150, 225, 450] 
SEQ [1993, 2133, 2368, 2873] 140 [1, 2, 4, 5, 7, 10, 14, 20, 28, 35, 70, 140] 
YDN [2019, 2719] 700 [1, 2, 4, 5, 7, 10, 14, 20, 25, 28, 35, 50, 70, 100, 140, 175, 350, 700] 
DNJ [2020, 2165] 145 [1, 5, 29, 145] 
VXD [2023, 2428] 405 [1, 3, 5, 9, 15, 27, 45, 81, 135, 405] 
ZQM [2035, 2600] 565 [1, 5, 113, 565] 
IXA [2054, 2519] 465 [1, 3, 5, 15, 31, 93, 155, 465] 
EQX [2064, 2092, 2369] 28 [1, 2, 4, 7, 14, 28] 
SVD [2076, 2526] 450 [1, 2, 3, 5, 6, 9, 10, 15, 18, 25, 30, 45, 50, 75, 90, 150, 225, 450] 
DUI [2103, 2430] 327 [1, 3, 109, 327] 
AAD [2106, 2571] 465 [1, 3, 5, 15, 31, 93, 155, 465] 
OAX [2125, 2755] 630 [1, 2, 3, 5, 6, 7, 9, 10, 14, 15, 18, 21, 30, 35, 42, 45, 63, 70, 90, 105, 126, 210, 315, 630] 
PMM [2141, 2586] 445 [1, 5, 89, 445] 
MMA [2142, 2587] 445 [1, 5, 89, 445] 
ALV [2146, 2426] 280 [1, 2, 4, 5, 7, 8, 10, 14, 20, 28, 35, 40, 56, 70, 140, 280] 
ZCA [2152, 2657] 505 [1, 5, 101, 505] 
CAQ [2153, 2658, 2813] 505 [1, 5, 101, 505] 
ITY [2172, 2207] 35 [1, 5, 7, 35] 
TYH [2173, 2208] 35 [1, 5, 7, 35] 
XMM [2176, 2376] 200 [1, 2, 4, 5, 8, 10, 20, 25, 40, 50, 100, 200] 
XAT [2305, 2520] 215 [1, 5, 43, 215] 
VWT [2315, 2670] 355 [1, 5, 71, 355] 
NBD [2356, 2791] 435 [1, 3, 5, 15, 29, 87, 145, 435] 
DRW [2358, 2688] 330 [1, 2, 3, 5, 6, 10, 11, 15, 22, 30, 33, 55, 66, 110, 165, 330] 
RWA [2359, 2689] 330 [1, 2, 3, 5, 6, 10, 11, 15, 22, 30, 33, 55, 66, 110, 165, 330] 
PSB [2385, 2745] 360 [1, 2, 3, 4, 5, 6, 8, 9, 10, 12, 15, 18, 20, 24, 30, 36, 40, 45, 60, 72, 90, 120, 180, 360] 
SBD [2386, 2746] 360 [1, 2, 3, 4, 5, 6, 8, 9, 10, 12, 15, 18, 20, 24, 30, 36, 40, 45, 60, 72, 90, 120, 180, 360] 
VSU [2390, 2845] 455 [1, 5, 7, 13, 35, 65, 91, 455] 
CSA [2422, 2675] 253 [1, 11, 23, 253] 
ELI [2437, 2867] 430 [1, 2, 5, 10, 43, 86, 215, 430] 
VKO [2502, 2547] 45 [1, 3, 5, 9, 15, 45] 
KOW [2503, 2548] 45 [1, 3, 5, 9, 15, 45] 
FII [2533, 2595] 62 [1, 2, 31, 62] 
SOX [2538, 2563, 2778] 25 [1, 5, 25] 
OWG [2549, 2849] 300 [1, 2, 3, 4, 5, 6, 10, 12, 15, 20, 25, 30, 50, 60, 75, 100, 150, 300] 
ICS [2674, 2759, 2869, 2879] 85 [1, 5, 17, 85] 
DVG [2748, 2853, 2948] 105 [1, 3, 5, 7, 15, 21, 35, 105] 
CSZ [2760, 2880] 120 [1, 2, 3, 4, 5, 6, 8, 10, 12, 15, 20, 24, 30, 40, 60, 120] 
DXH [2803, 2898] 95 [1, 5, 19, 95] 
GVJK [1, 1421] 1420 [1, 2, 4, 5, 10, 20, 71, 142, 284, 355, 710, 1420] 
WBZR [11, 1816] 1805 [1, 5, 19, 95, 361, 1805] 
NITJ [15, 1490] 1475 [1, 5, 25, 59, 295, 1475] 
VPPT [27, 217] 190 [1, 2, 5, 10, 19, 38, 95, 190] 
PPTO [28, 218] 190 [1, 2, 5, 10, 19, 38, 95, 190] 
PTOY [29, 219] 190 [1, 2, 5, 10, 19, 38, 95, 190] 
TOYC [30, 220] 190 [1, 2, 5, 10, 19, 38, 95, 190] 
OYCA [31, 221] 190 [1, 2, 5, 10, 19, 38, 95, 190] 
YCAW [32, 222] 190 [1, 2, 5, 10, 19, 38, 95, 190] 
ZUEV [40, 1555] 1515 [1, 3, 5, 15, 101, 303, 505, 1515] 
QXHJ [63, 2943] 2880 [1, 2, 3, 4, 5, 6, 8, 9, 10, 12, 15, 16, 18, 20, 24, 30, 32, 36, 40, 45, 48, 60, 64, 72, 80, 90, 96, 120, 144, 160, 180, 192, 240, 288, 320, 360, 480, 576, 720, 960, 1440, 2880] 
XHJE [64, 364, 2049, 2804] 300 [1, 2, 3, 4, 5, 6, 10, 12, 15, 20, 25, 30, 50, 60, 75, 100, 150, 300] 
HJEQ [65, 2050] 1985 [1, 5, 397, 1985] 
FZCI [79, 429, 2119] 350 [1, 2, 5, 7, 10, 14, 25, 35, 50, 70, 175, 350] 
XDJE [84, 2024, 2069] 1940 [1, 2, 4, 5, 10, 20, 97, 194, 388, 485, 970, 1940] 
DJEQ [85, 2025] 1940 [1, 2, 4, 5, 10, 20, 97, 194, 388, 485, 970, 1940] 
JEQF [86, 2026] 1940 [1, 2, 4, 5, 10, 20, 97, 194, 388, 485, 970, 1940] 
EQFD [87, 2027] 1940 [1, 2, 4, 5, 10, 20, 97, 194, 388, 485, 970, 1940] 
QFDN [88, 2028] 1940 [1, 2, 4, 5, 10, 20, 97, 194, 388, 485, 970, 1940] 
FDNA [89, 1579] 1490 [1, 2, 5, 10, 149, 298, 745, 1490] 
XUQG [98, 2983] 2885 [1, 5, 577, 2885] 
UQGZ [99, 2984] 2885 [1, 5, 577, 2885] 
JKTJ [103, 1423] 1320 [1, 2, 3, 4, 5, 6, 8, 10, 11, 12, 15, 20, 22, 24, 30, 33, 40, 44, 55, 60, 66, 88, 110, 120, 132, 165, 220, 264, 330, 440, 660, 1320] 
BDRE [107, 632, 2652] 525 [1, 3, 5, 7, 15, 21, 25, 35, 75, 105, 175, 525] 
DRES [108, 633] 525 [1, 3, 5, 7, 15, 21, 25, 35, 75, 105, 175, 525] 
ESFZ [110, 347] 237 [1, 3, 79, 237] 
TPJJ [125, 2735] 2610 [1, 2, 3, 5, 6, 9, 10, 15, 18, 29, 30, 45, 58, 87, 90, 145, 174, 261, 290, 435, 522, 870, 1305, 2610] 
PJJC [126, 2736] 2610 [1, 2, 3, 5, 6, 9, 10, 15, 18, 29, 30, 45, 58, 87, 90, 145, 174, 261, 290, 435, 522, 870, 1305, 2610] 
JJCN [127, 2737] 2610 [1, 2, 3, 5, 6, 9, 10, 15, 18, 29, 30, 45, 58, 87, 90, 145, 174, 261, 290, 435, 522, 870, 1305, 2610] 
DHAZ [140, 915, 1655] 775 [1, 5, 25, 31, 155, 775] 
FDXE [152, 674, 1069] 522 [1, 2, 3, 6, 9, 18, 29, 58, 87, 174, 261, 522] 
FISA [163, 1368, 2918] 1205 [1, 5, 241, 1205] 
ISAK [164, 1369, 2919] 1205 [1, 5, 241, 1205] 
SAKD [165, 1370, 2920] 1205 [1, 5, 241, 1205] 
AKDY [166, 1371] 1205 [1, 5, 241, 1205] 
IGSV [174, 214, 1224] 40 [1, 2, 4, 5, 8, 10, 20, 40] 
QMSW [181, 2036] 1855 [1, 5, 7, 35, 53, 265, 371, 1855] 
MSWZ [182, 2037] 1855 [1, 5, 7, 35, 53, 265, 371, 1855] 
ZCYM [185, 570, 2910] 385 [1, 5, 7, 11, 35, 55, 77, 385] 
CYMF [186, 571, 2911] 385 [1, 5, 7, 11, 35, 55, 77, 385] 
YMFN [187, 572, 1052, 2912] 385 [1, 5, 7, 11, 35, 55, 77, 385] 
HNIE [194, 2479] 2285 [1, 5, 457, 2285] 
ZZML [230, 1135] 905 [1, 5, 181, 905] 
HHQT [244, 2679] 2435 [1, 5, 487, 2435] 
HQTV [245, 2680] 2435 [1, 5, 487, 2435] 
TVCZ [247, 512, 527, 1187] 265 [1, 5, 53, 265] 
MMYH [262, 357, 2042] 95 [1, 5, 19, 95] 
HIEQ [265, 990, 1600] 725 [1, 5, 25, 29, 145, 725] 
IEQF [266, 1601] 1335 [1, 3, 5, 15, 89, 267, 445, 1335] 
EQFH [267, 1602, 1637] 1335 [1, 3, 5, 15, 89, 267, 445, 1335] 
OAZV [280, 1340] 1060 [1, 2, 4, 5, 10, 20, 53, 106, 212, 265, 530, 1060] 
AZVF [281, 1341] 1060 [1, 2, 4, 5, 10, 20, 53, 106, 212, 265, 530, 1060] 
ZVFZ [282, 1342] 1060 [1, 2, 4, 5, 10, 20, 53, 106, 212, 265, 530, 1060] 
FZUE [284, 1554] 1270 [1, 2, 5, 10, 127, 254, 635, 1270] 
BSTK [320, 1530] 1210 [1, 2, 5, 10, 11, 22, 55, 110, 121, 242, 605, 1210] 
STKA [321, 1531] 1210 [1, 2, 5, 10, 11, 22, 55, 110, 121, 242, 605, 1210] 
AXHI [324, 2339] 2015 [1, 5, 13, 31, 65, 155, 403, 2015] 
QTNV [329, 1734, 2099] 1405 [1, 5, 281, 1405] 
TNVD [330, 1735, 2100] 1405 [1, 5, 281, 1405] 
MYHX [358, 2043] 1685 [1, 5, 337, 1685] 
YHXM [359, 2044, 2174, 2374] 1685 [1, 5, 337, 1685] 
HXML [360, 2045] 1685 [1, 5, 337, 1685] 
XMLX [361, 2046] 1685 [1, 5, 337, 1685] 
MLXH [362, 2047] 1685 [1, 5, 337, 1685] 
LXHJ [363, 2048] 1685 [1, 5, 337, 1685] 
FHNF [369, 2969] 2600 [1, 2, 4, 5, 8, 10, 13, 20, 25, 26, 40, 50, 52, 65, 100, 104, 130, 200, 260, 325, 520, 650, 1300, 2600] 
HNFD [370, 2970] 2600 [1, 2, 4, 5, 8, 10, 13, 20, 25, 26, 40, 50, 52, 65, 100, 104, 130, 200, 260, 325, 520, 650, 1300, 2600] 
NFDW [371, 2971] 2600 [1, 2, 4, 5, 8, 10, 13, 20, 25, 26, 40, 50, 52, 65, 100, 104, 130, 200, 260, 325, 520, 650, 1300, 2600] 
FDWE [372, 1497, 2972] 1125 [1, 3, 5, 9, 15, 25, 45, 75, 125, 225, 375, 1125] 
DWES [373, 1498, 2973] 1125 [1, 3, 5, 9, 15, 25, 45, 75, 125, 225, 375, 1125] 
WESL [374, 1499] 1125 [1, 3, 5, 9, 15, 25, 45, 75, 125, 225, 375, 1125] 
DQZN [378, 953] 575 [1, 5, 23, 25, 115, 575] 
QZNE [379, 954, 2829] 575 [1, 5, 23, 25, 115, 575] 
GWZV [390, 1535] 1145 [1, 5, 229, 1145] 
JMVA [400, 1325, 1670] 925 [1, 5, 25, 37, 185, 925] 
MVAO [401, 1326, 1671] 925 [1, 5, 25, 37, 185, 925] 
ZCZX [418, 458] 40 [1, 2, 4, 5, 8, 10, 20, 40] 
EFUQ [422, 877] 455 [1, 5, 7, 13, 35, 65, 91, 455] 
ISQF [426, 1686] 1260 [1, 2, 3, 4, 5, 6, 7, 9, 10, 12, 14, 15, 18, 20, 21, 28, 30, 35, 36, 42, 45, 60, 63, 70, 84, 90, 105, 126, 140, 180, 210, 252, 315, 420, 630, 1260] 
UQXS [434, 879] 445 [1, 5, 89, 445] 
SAVH [471, 1571] 1100 [1, 2, 4, 5, 10, 11, 20, 22, 25, 44, 50, 55, 100, 110, 220, 275, 550, 1100] 
MFIU [487, 1797] 1310 [1, 2, 5, 10, 131, 262, 655, 1310] 
USZA [490, 1700] 1210 [1, 2, 5, 10, 11, 22, 55, 110, 121, 242, 605, 1210] 
SZAI [491, 2761, 2881] 2270 [1, 2, 5, 10, 227, 454, 1135, 2270] 
ZAIJ [492, 2762] 2270 [1, 2, 5, 10, 227, 454, 1135, 2270] 
HTVC [511, 1186] 675 [1, 3, 5, 9, 15, 25, 27, 45, 75, 135, 225, 675] 
VCZN [513, 1188] 675 [1, 3, 5, 9, 15, 25, 27, 45, 75, 135, 225, 675] 
MXUQ [517, 2982] 2465 [1, 5, 17, 29, 85, 145, 493, 2465] 
DXZI [523, 2573] 2050 [1, 2, 5, 10, 25, 41, 50, 82, 205, 410, 1025, 2050] 
ZITV [525, 605] 80 [1, 2, 4, 5, 8, 10, 16, 20, 40, 80] 
ZIEM [530, 2625] 2095 [1, 5, 419, 2095] 
MYDH [533, 1852] 1319 [1, 1319] 
WAVV [550, 2715] 2165 [1, 5, 433, 2165] 
VVVZ [552, 2952] 2400 [1, 2, 3, 4, 5, 6, 8, 10, 12, 15, 16, 20, 24, 25, 30, 32, 40, 48, 50, 60, 75, 80, 96, 100, 120, 150, 160, 200, 240, 300, 400, 480, 600, 800, 1200, 2400] 
ZXZC [568, 2993] 2425 [1, 5, 25, 97, 485, 2425] 
RZPD [587, 1182] 595 [1, 5, 7, 17, 35, 85, 119, 595] 
AWXE [599, 1064] 465 [1, 3, 5, 15, 31, 93, 155, 465] 
WXEM [600, 1280] 680 [1, 2, 4, 5, 8, 10, 17, 20, 34, 40, 68, 85, 136, 170, 340, 680] 
XEMW [601, 1281] 680 [1, 2, 4, 5, 8, 10, 17, 20, 34, 40, 68, 85, 136, 170, 340, 680] 
WVWI [611, 2311] 1700 [1, 2, 4, 5, 10, 17, 20, 25, 34, 50, 68, 85, 100, 170, 340, 425, 850, 1700] 
SVSA [621, 2336] 1715 [1, 5, 7, 35, 49, 245, 343, 1715] 
VSAX [622, 2337] 1715 [1, 5, 7, 35, 49, 245, 343, 1715] 
CMOW [626, 986] 360 [1, 2, 3, 4, 5, 6, 8, 9, 10, 12, 15, 18, 20, 24, 30, 36, 40, 45, 60, 72, 90, 120, 180, 360] 
IKWD [652, 962] 310 [1, 2, 5, 10, 31, 62, 155, 310] 
KWDC [653, 963] 310 [1, 2, 5, 10, 31, 62, 155, 310] 
WDCI [654, 964, 999] 310 [1, 2, 5, 10, 31, 62, 155, 310] 
VZPD [662, 1077] 415 [1, 5, 83, 415] 
XERF [671, 1066] 395 [1, 5, 79, 395] 
ERFD [672, 922, 1067] 250 [1, 2, 5, 10, 25, 50, 125, 250] 
RFDX [673, 1068] 395 [1, 5, 79, 395] 
OWXS [679, 1774] 1095 [1, 3, 5, 15, 73, 219, 365, 1095] 
AAAA [700, 1288] 588 [1, 2, 3, 4, 6, 7, 12, 14, 21, 28, 42, 49, 84, 98, 147, 196, 294, 588] 
DVHC [713, 773] 60 [1, 2, 3, 4, 5, 6, 10, 12, 15, 20, 30, 60] 
EAZC [725, 2655] 1930 [1, 2, 5, 10, 193, 386, 965, 1930] 
AVQO [737, 1382] 645 [1, 3, 5, 15, 43, 129, 215, 645] 
VQOS [738, 1383] 645 [1, 3, 5, 15, 43, 129, 215, 645] 
JHOM [779, 889] 110 [1, 2, 5, 10, 11, 22, 55, 110] 
HOMQ [780, 890] 110 [1, 2, 5, 10, 11, 22, 55, 110] 
TEQW [793, 2298] 1505 [1, 5, 7, 35, 43, 215, 301, 1505] 
EQWU [794, 2299] 1505 [1, 5, 7, 35, 43, 215, 301, 1505] 
ZCBZ [805, 2995] 2190 [1, 2, 3, 5, 6, 10, 15, 30, 73, 146, 219, 365, 438, 730, 1095, 2190] 
ZOBJ [808, 1355] 547 [1, 547] 
IUZE [814, 2884] 2070 [1, 2, 3, 5, 6, 9, 10, 15, 18, 23, 30, 45, 46, 69, 90, 115, 138, 207, 230, 345, 414, 690, 1035, 2070] 
UZEM [815, 2000, 2885] 1185 [1, 3, 5, 15, 79, 237, 395, 1185] 
ZEMQ [816, 2256] 1440 [1, 2, 3, 4, 5, 6, 8, 9, 10, 12, 15, 16, 18, 20, 24, 30, 32, 36, 40, 45, 48, 60, 72, 80, 90, 96, 120, 144, 160, 180, 240, 288, 360, 480, 720, 1440] 
UWXS [839, 849] 10 [1, 2, 5, 10] 
ZJXD [860, 2895] 2035 [1, 5, 11, 37, 55, 185, 407, 2035] 
ABAA [866, 2956] 2090 [1, 2, 5, 10, 11, 19, 22, 38, 55, 95, 110, 190, 209, 418, 1045, 2090] 
AABS [868, 2933] 2065 [1, 5, 7, 35, 59, 295, 413, 2065] 
VHZP [873, 1573] 700 [1, 2, 4, 5, 7, 10, 14, 20, 25, 28, 35, 50, 70, 100, 140, 175, 350, 700] 
QXSR [880, 2014] 1134 [1, 2, 3, 6, 7, 9, 14, 18, 21, 27, 42, 54, 63, 81, 126, 162, 189, 378, 567, 1134] 
MQAV [892, 1482, 2727] 590 [1, 2, 5, 10, 59, 118, 295, 590] 
QAVX [893, 1483] 590 [1, 2, 5, 10, 59, 118, 295, 590] 
AVXM [894, 1484, 2959] 590 [1, 2, 5, 10, 59, 118, 295, 590] 
ELAU [902, 1542] 640 [1, 2, 4, 5, 8, 10, 16, 20, 32, 40, 64, 80, 128, 160, 320, 640] 
TIRE [926, 931] 5 [1, 5] 
IREU [927, 932] 5 [1, 5] 
EUZS [934, 1704] 770 [1, 2, 5, 7, 10, 11, 14, 22, 35, 55, 70, 77, 110, 154, 385, 770] 
WXER [1005, 1065, 1615] 60 [1, 2, 3, 4, 5, 6, 10, 12, 15, 20, 30, 60] 
JVKD [1017, 1047, 2167] 30 [1, 2, 3, 5, 6, 10, 15, 30] 
VKDY [1018, 2168] 1150 [1, 2, 5, 10, 23, 25, 46, 50, 115, 230, 575, 1150] 
KDYI [1019, 2169] 1150 [1, 2, 5, 10, 23, 25, 46, 50, 115, 230, 575, 1150] 
DYIT [1020, 2170] 1150 [1, 2, 5, 10, 23, 25, 46, 50, 115, 230, 575, 1150] 
YITA [1021, 1471] 450 [1, 2, 3, 5, 6, 9, 10, 15, 18, 25, 30, 45, 50, 75, 90, 150, 225, 450] 
ITAU [1022, 1472] 450 [1, 2, 3, 5, 6, 9, 10, 15, 18, 25, 30, 45, 50, 75, 90, 150, 225, 450] 
TAUO [1023, 1473] 450 [1, 2, 3, 5, 6, 9, 10, 15, 18, 25, 30, 45, 50, 75, 90, 150, 225, 450] 
IEAA [1039, 1838, 1974] 799 [1, 17, 47, 799] 
VQZN [1043, 2213] 1170 [1, 2, 3, 5, 6, 9, 10, 13, 15, 18, 26, 30, 39, 45, 65, 78, 90, 117, 130, 195, 234, 390, 585, 1170] 
QZNJ [1044, 2214] 1170 [1, 2, 3, 5, 6, 9, 10, 13, 15, 18, 26, 30, 39, 45, 65, 78, 90, 117, 130, 195, 234, 390, 585, 1170] 
NJVK [1046, 2166] 1120 [1, 2, 4, 5, 7, 8, 10, 14, 16, 20, 28, 32, 35, 40, 56, 70, 80, 112, 140, 160, 224, 280, 560, 1120] 
ZPDH [1078, 1183] 105 [1, 3, 5, 7, 15, 21, 35, 105] 
PDHT [1079, 1184] 105 [1, 3, 5, 7, 15, 21, 35, 105] 
DHTV [1080, 1185] 105 [1, 3, 5, 7, 15, 21, 35, 105] 
LZVZ [1132, 1502, 1662] 370 [1, 2, 5, 10, 37, 74, 185, 370] 
HNML [1140, 2250] 1110 [1, 2, 3, 5, 6, 10, 15, 30, 37, 74, 111, 185, 222, 370, 555, 1110] 
SLVR [1146, 2556] 1410 [1, 2, 3, 5, 6, 10, 15, 30, 47, 94, 141, 235, 282, 470, 705, 1410] 
UWOM [1199, 1794] 595 [1, 5, 7, 17, 35, 85, 119, 595] 
MMIX [1247, 1517] 270 [1, 2, 3, 5, 6, 9, 10, 15, 18, 27, 30, 45, 54, 90, 135, 270] 
IWXE [1279, 1614] 335 [1, 5, 67, 335] 
EMWH [1282, 2627] 1345 [1, 5, 269, 1345] 
MWHX [1283, 2603] 1320 [1, 2, 3, 4, 5, 6, 8, 10, 11, 12, 15, 20, 22, 24, 30, 33, 40, 44, 55, 60, 66, 88, 110, 120, 132, 165, 220, 264, 330, 440, 660, 1320] 
WZRE [1296, 2416] 1120 [1, 2, 4, 5, 7, 8, 10, 14, 16, 20, 28, 32, 35, 40, 56, 70, 80, 112, 140, 160, 224, 280, 560, 1120] 
SQOJ [1322, 2227] 905 [1, 5, 181, 905] 
OJMV [1324, 1644, 1669] 320 [1, 2, 4, 5, 8, 10, 16, 20, 32, 40, 64, 80, 160, 320] 
QBDR [1346, 2651] 1305 [1, 3, 5, 9, 15, 29, 45, 87, 145, 261, 435, 1305] 
IFIS [1367, 2342, 2917] 975 [1, 3, 5, 13, 15, 25, 39, 65, 75, 195, 325, 975] 
DYAA [1373, 2288] 915 [1, 3, 5, 15, 61, 183, 305, 915] 
ZUOG [1418, 2663] 1245 [1, 3, 5, 15, 83, 249, 415, 1245] 
UOGV [1419, 2664] 1245 [1, 3, 5, 15, 83, 249, 415, 1245] 
GZJC [1434, 2271] 837 [1, 3, 9, 27, 31, 93, 279, 837] 
DRZI [1458, 1768] 310 [1, 2, 5, 10, 31, 62, 155, 310] 
RZIE [1459, 2624] 1165 [1, 5, 233, 1165] 
EIIQ [1462, 2807] 1345 [1, 5, 269, 1345] 
IIQX [1463, 2808] 1345 [1, 5, 269, 1345] 
IQXE [1464, 2809] 1345 [1, 5, 269, 1345] 
OMFI [1526, 1796] 270 [1, 2, 3, 5, 6, 9, 10, 15, 18, 27, 30, 45, 54, 90, 135, 270] 
YHJE [1539, 1619] 80 [1, 2, 4, 5, 8, 10, 16, 20, 40, 80] 
HJEL [1540, 1620] 80 [1, 2, 4, 5, 8, 10, 16, 20, 40, 80] 
JELA [1541, 1621] 80 [1, 2, 4, 5, 8, 10, 16, 20, 40, 80] 
VGZN [1558, 2938] 1380 [1, 2, 3, 4, 5, 6, 10, 12, 15, 20, 23, 30, 46, 60, 69, 92, 115, 138, 230, 276, 345, 460, 690, 1380] 
BSAV [1570, 2935] 1365 [1, 3, 5, 7, 13, 15, 21, 35, 39, 65, 91, 105, 195, 273, 455, 1365] 
AZFD [1577, 1657] 80 [1, 2, 4, 5, 8, 10, 16, 20, 40, 80] 
ZFDN [1578, 1658] 80 [1, 2, 4, 5, 8, 10, 16, 20, 40, 80] 
NAVQ [1581, 2901] 1320 [1, 2, 3, 4, 5, 6, 8, 10, 11, 12, 15, 20, 22, 24, 30, 33, 40, 44, 55, 60, 66, 88, 110, 120, 132, 165, 220, 264, 330, 440, 660, 1320] 
AVQH [1582, 2902] 1320 [1, 2, 3, 4, 5, 6, 8, 10, 11, 12, 15, 20, 22, 24, 30, 33, 40, 44, 55, 60, 66, 88, 110, 120, 132, 165, 220, 264, 330, 440, 660, 1320] 
UVVZ [1592, 1932] 340 [1, 2, 4, 5, 10, 17, 20, 34, 68, 85, 170, 340] 
VVZN [1593, 1933] 340 [1, 2, 4, 5, 10, 17, 20, 34, 68, 85, 170, 340] 
QFHX [1603, 1638] 35 [1, 5, 7, 35] 
CDTZ [1627, 2977] 1350 [1, 2, 3, 5, 6, 9, 10, 15, 18, 25, 27, 30, 45, 50, 54, 75, 90, 135, 150, 225, 270, 450, 675, 1350] 
ZNEQ [1630, 2220, 2830] 590 [1, 2, 5, 10, 59, 118, 295, 590] 
SADH [1653, 2676] 1023 [1, 3, 11, 31, 33, 93, 341, 1023] 
ZISE [1665, 1770] 105 [1, 3, 5, 7, 15, 21, 35, 105] 
ISEO [1666, 1771] 105 [1, 3, 5, 7, 15, 21, 35, 105] 
AOGS [1673, 2988] 1315 [1, 5, 263, 1315] 
OGSV [1674, 2074, 2989] 400 [1, 2, 4, 5, 8, 10, 16, 20, 25, 40, 50, 80, 100, 200, 400] 
SZAE [1701, 1996] 295 [1, 5, 59, 295] 
ZAEU [1702, 1997] 295 [1, 5, 59, 295] 
AEUZ [1703, 1998] 295 [1, 5, 59, 295] 
WOMF [1795, 2505] 710 [1, 2, 5, 10, 71, 142, 355, 710] 
KPHZ [1803, 2278] 475 [1, 5, 19, 25, 95, 475] 
VGSV [1864, 2749, 2854, 2949] 885 [1, 3, 5, 15, 59, 177, 295, 885] 
GSVT [1865, 2750, 2855] 885 [1, 3, 5, 15, 59, 177, 295, 885] 
SVTA [1866, 2751] 885 [1, 3, 5, 15, 59, 177, 295, 885] 
EQAE [1872, 1942] 70 [1, 2, 5, 7, 10, 14, 35, 70] 
WIVX [1898, 2398] 500 [1, 2, 4, 5, 10, 20, 25, 50, 100, 125, 250, 500] 
IVXE [1899, 2399] 500 [1, 2, 4, 5, 10, 20, 25, 50, 100, 125, 250, 500] 
DFHZ [1918, 2528] 610 [1, 2, 5, 10, 61, 122, 305, 610] 
XSRZ [1925, 2015] 90 [1, 2, 3, 5, 6, 9, 10, 15, 18, 30, 45, 90] 
SRZR [1926, 2641] 715 [1, 5, 11, 13, 55, 65, 143, 715] 
RZRV [1927, 2462] 535 [1, 5, 107, 535] 
ZRVW [1928, 2463] 535 [1, 5, 107, 535] 
AEGU [1944, 2509] 565 [1, 5, 113, 565] 
EGUJ [1945, 2510] 565 [1, 5, 113, 565] 
GUJV [1946, 2511] 565 [1, 5, 113, 565] 
UJVE [1947, 2512] 565 [1, 5, 113, 565] 
JVEG [1948, 2513] 565 [1, 5, 113, 565] 
VEGA [1949, 2514] 565 [1, 5, 113, 565] 
IQIE [1972, 2114] 142 [1, 2, 71, 142] 
QSZZ [1980, 2660] 680 [1, 2, 4, 5, 8, 10, 17, 20, 34, 40, 68, 85, 136, 170, 340, 680] 
SEQS [1993, 2133] 140 [1, 2, 4, 5, 7, 10, 14, 20, 28, 35, 70, 140] 
DNJV [2020, 2165] 145 [1, 5, 29, 145] 
AOAX [2124, 2754] 630 [1, 2, 3, 5, 6, 7, 9, 10, 14, 15, 18, 21, 30, 35, 42, 45, 63, 70, 90, 105, 126, 210, 315, 630] 
PMMA [2141, 2586] 445 [1, 5, 89, 445] 
ZCAQ [2152, 2657] 505 [1, 5, 101, 505] 
ITYH [2172, 2207] 35 [1, 5, 7, 35] 
HXMM [2175, 2375] 200 [1, 2, 4, 5, 8, 10, 20, 25, 40, 50, 100, 200] 
DRWA [2358, 2688] 330 [1, 2, 3, 5, 6, 10, 11, 15, 22, 30, 33, 55, 66, 110, 165, 330] 
PSBD [2385, 2745] 360 [1, 2, 3, 4, 5, 6, 8, 9, 10, 12, 15, 18, 20, 24, 30, 36, 40, 45, 60, 72, 90, 120, 180, 360] 
VKOW [2502, 2547] 45 [1, 3, 5, 9, 15, 45] 
MICS [2673, 2758, 2878] 85 [1, 5, 17, 85] 
DVGS [2748, 2853, 2948] 105 [1, 3, 5, 7, 15, 21, 35, 105] 
ICSZ [2759, 2879] 120 [1, 2, 3, 4, 5, 6, 8, 10, 12, 15, 20, 24, 30, 40, 60, 120] 
CSZA [2760, 2880] 120 [1, 2, 3, 4, 5, 6, 8, 10, 12, 15, 20, 24, 30, 40, 60, 120] 
VPPTO [27, 217] 190 [1, 2, 5, 10, 19, 38, 95, 190] 
PPTOY [28, 218] 190 [1, 2, 5, 10, 19, 38, 95, 190] 
PTOYC [29, 219] 190 [1, 2, 5, 10, 19, 38, 95, 190] 
TOYCA [30, 220] 190 [1, 2, 5, 10, 19, 38, 95, 190] 
OYCAW [31, 221] 190 [1, 2, 5, 10, 19, 38, 95, 190] 
XHJEQ [64, 2049] 1985 [1, 5, 397, 1985] 
XDJEQ [84, 2024] 1940 [1, 2, 4, 5, 10, 20, 97, 194, 388, 485, 970, 1940] 
DJEQF [85, 2025] 1940 [1, 2, 4, 5, 10, 20, 97, 194, 388, 485, 970, 1940] 
JEQFD [86, 2026] 1940 [1, 2, 4, 5, 10, 20, 97, 194, 388, 485, 970, 1940] 
EQFDN [87, 2027] 1940 [1, 2, 4, 5, 10, 20, 97, 194, 388, 485, 970, 1940] 
XUQGZ [98, 2983] 2885 [1, 5, 577, 2885] 
BDRES [107, 632] 525 [1, 3, 5, 7, 15, 21, 25, 35, 75, 105, 175, 525] 
TPJJC [125, 2735] 2610 [1, 2, 3, 5, 6, 9, 10, 15, 18, 29, 30, 45, 58, 87, 90, 145, 174, 261, 290, 435, 522, 870, 1305, 2610] 
PJJCN [126, 2736] 2610 [1, 2, 3, 5, 6, 9, 10, 15, 18, 29, 30, 45, 58, 87, 90, 145, 174, 261, 290, 435, 522, 870, 1305, 2610] 
FISAK [163, 1368, 2918] 1205 [1, 5, 241, 1205] 
ISAKD [164, 1369, 2919] 1205 [1, 5, 241, 1205] 
SAKDY [165, 1370] 1205 [1, 5, 241, 1205] 
QMSWZ [181, 2036] 1855 [1, 5, 7, 35, 53, 265, 371, 1855] 
ZCYMF [185, 570, 2910] 385 [1, 5, 7, 11, 35, 55, 77, 385] 
CYMFN [186, 571, 2911] 385 [1, 5, 7, 11, 35, 55, 77, 385] 
HHQTV [244, 2679] 2435 [1, 5, 487, 2435] 
HIEQF [265, 1600] 1335 [1, 3, 5, 15, 89, 267, 445, 1335] 
IEQFH [266, 1601] 1335 [1, 3, 5, 15, 89, 267, 445, 1335] 
OAZVF [280, 1340] 1060 [1, 2, 4, 5, 10, 20, 53, 106, 212, 265, 530, 1060] 
AZVFZ [281, 1341] 1060 [1, 2, 4, 5, 10, 20, 53, 106, 212, 265, 530, 1060] 
BSTKA [320, 1530] 1210 [1, 2, 5, 10, 11, 22, 55, 110, 121, 242, 605, 1210] 
QTNVD [329, 1734, 2099] 1405 [1, 5, 281, 1405] 
MMYHX [357, 2042] 1685 [1, 5, 337, 1685] 
MYHXM [358, 2043] 1685 [1, 5, 337, 1685] 
YHXML [359, 2044] 1685 [1, 5, 337, 1685] 
HXMLX [360, 2045] 1685 [1, 5, 337, 1685] 
XMLXH [361, 2046] 1685 [1, 5, 337, 1685] 
MLXHJ [362, 2047] 1685 [1, 5, 337, 1685] 
LXHJE [363, 2048] 1685 [1, 5, 337, 1685] 
FHNFD [369, 2969] 2600 [1, 2, 4, 5, 8, 10, 13, 20, 25, 26, 40, 50, 52, 65, 100, 104, 130, 200, 260, 325, 520, 650, 1300, 2600] 
HNFDW [370, 2970] 2600 [1, 2, 4, 5, 8, 10, 13, 20, 25, 26, 40, 50, 52, 65, 100, 104, 130, 200, 260, 325, 520, 650, 1300, 2600] 
NFDWE [371, 2971] 2600 [1, 2, 4, 5, 8, 10, 13, 20, 25, 26, 40, 50, 52, 65, 100, 104, 130, 200, 260, 325, 520, 650, 1300, 2600] 
FDWES [372, 1497, 2972] 1125 [1, 3, 5, 9, 15, 25, 45, 75, 125, 225, 375, 1125] 
DWESL [373, 1498] 1125 [1, 3, 5, 9, 15, 25, 45, 75, 125, 225, 375, 1125] 
DQZNE [378, 953] 575 [1, 5, 23, 25, 115, 575] 
JMVAO [400, 1325, 1670] 925 [1, 5, 25, 37, 185, 925] 
SZAIJ [491, 2761] 2270 [1, 2, 5, 10, 227, 454, 1135, 2270] 
HTVCZ [511, 1186] 675 [1, 3, 5, 9, 15, 25, 27, 45, 75, 135, 225, 675] 
TVCZN [512, 1187] 675 [1, 3, 5, 9, 15, 25, 27, 45, 75, 135, 225, 675] 
WXEMW [600, 1280] 680 [1, 2, 4, 5, 8, 10, 17, 20, 34, 40, 68, 85, 136, 170, 340, 680] 
SVSAX [621, 2336] 1715 [1, 5, 7, 35, 49, 245, 343, 1715] 
IKWDC [652, 962] 310 [1, 2, 5, 10, 31, 62, 155, 310] 
KWDCI [653, 963] 310 [1, 2, 5, 10, 31, 62, 155, 310] 
XERFD [671, 1066] 395 [1, 5, 79, 395] 
ERFDX [672, 1067] 395 [1, 5, 79, 395] 
RFDXE [673, 1068] 395 [1, 5, 79, 395] 
AVQOS [737, 1382] 645 [1, 3, 5, 15, 43, 129, 215, 645] 
JHOMQ [779, 889] 110 [1, 2, 5, 10, 11, 22, 55, 110] 
TEQWU [793, 2298] 1505 [1, 5, 7, 35, 43, 215, 301, 1505] 
IUZEM [814, 2884] 2070 [1, 2, 3, 5, 6, 9, 10, 15, 18, 23, 30, 45, 46, 69, 90, 115, 138, 207, 230, 345, 414, 690, 1035, 2070] 
MQAVX [892, 1482] 590 [1, 2, 5, 10, 59, 118, 295, 590] 
QAVXM [893, 1483] 590 [1, 2, 5, 10, 59, 118, 295, 590] 
TIREU [926, 931] 5 [1, 5] 
JVKDY [1017, 2167] 1150 [1, 2, 5, 10, 23, 25, 46, 50, 115, 230, 575, 1150] 
VKDYI [1018, 2168] 1150 [1, 2, 5, 10, 23, 25, 46, 50, 115, 230, 575, 1150] 
KDYIT [1019, 2169] 1150 [1, 2, 5, 10, 23, 25, 46, 50, 115, 230, 575, 1150] 
YITAU [1021, 1471] 450 [1, 2, 3, 5, 6, 9, 10, 15, 18, 25, 30, 45, 50, 75, 90, 150, 225, 450] 
ITAUO [1022, 1472] 450 [1, 2, 3, 5, 6, 9, 10, 15, 18, 25, 30, 45, 50, 75, 90, 150, 225, 450] 
VQZNJ [1043, 2213] 1170 [1, 2, 3, 5, 6, 9, 10, 13, 15, 18, 26, 30, 39, 45, 65, 78, 90, 117, 130, 195, 234, 390, 585, 1170] 
NJVKD [1046, 2166] 1120 [1, 2, 4, 5, 7, 8, 10, 14, 16, 20, 28, 32, 35, 40, 56, 70, 80, 112, 140, 160, 224, 280, 560, 1120] 
ZPDHT [1078, 1183] 105 [1, 3, 5, 7, 15, 21, 35, 105] 
PDHTV [1079, 1184] 105 [1, 3, 5, 7, 15, 21, 35, 105] 
OJMVA [1324, 1669] 345 [1, 3, 5, 15, 23, 69, 115, 345] 
IFISA [1367, 2917] 1550 [1, 2, 5, 10, 25, 31, 50, 62, 155, 310, 775, 1550] 
ZUOGV [1418, 2663] 1245 [1, 3, 5, 15, 83, 249, 415, 1245] 
EIIQX [1462, 2807] 1345 [1, 5, 269, 1345] 
IIQXE [1463, 2808] 1345 [1, 5, 269, 1345] 
YHJEL [1539, 1619] 80 [1, 2, 4, 5, 8, 10, 16, 20, 40, 80] 
HJELA [1540, 1620] 80 [1, 2, 4, 5, 8, 10, 16, 20, 40, 80] 
AZFDN [1577, 1657] 80 [1, 2, 4, 5, 8, 10, 16, 20, 40, 80] 
NAVQH [1581, 2901] 1320 [1, 2, 3, 4, 5, 6, 8, 10, 11, 12, 15, 20, 22, 24, 30, 33, 40, 44, 55, 60, 66, 88, 110, 120, 132, 165, 220, 264, 330, 440, 660, 1320] 
UVVZN [1592, 1932] 340 [1, 2, 4, 5, 10, 17, 20, 34, 68, 85, 170, 340] 
EQFHX [1602, 1637] 35 [1, 5, 7, 35] 
ZISEO [1665, 1770] 105 [1, 3, 5, 7, 15, 21, 35, 105] 
AOGSV [1673, 2988] 1315 [1, 5, 263, 1315] 
SZAEU [1701, 1996] 295 [1, 5, 59, 295] 
ZAEUZ [1702, 1997] 295 [1, 5, 59, 295] 
VGSVT [1864, 2749, 2854] 885 [1, 3, 5, 15, 59, 177, 295, 885] 
GSVTA [1865, 2750] 885 [1, 3, 5, 15, 59, 177, 295, 885] 
WIVXE [1898, 2398] 500 [1, 2, 4, 5, 10, 20, 25, 50, 100, 125, 250, 500] 
RZRVW [1927, 2462] 535 [1, 5, 107, 535] 
AEGUJ [1944, 2509] 565 [1, 5, 113, 565] 
EGUJV [1945, 2510] 565 [1, 5, 113, 565] 
GUJVE [1946, 2511] 565 [1, 5, 113, 565] 
UJVEG [1947, 2512] 565 [1, 5, 113, 565] 
JVEGA [1948, 2513] 565 [1, 5, 113, 565] 
YHXMM [2174, 2374] 200 [1, 2, 4, 5, 8, 10, 20, 25, 40, 50, 100, 200] 
DVGSV [2748, 2853, 2948] 105 [1, 3, 5, 7, 15, 21, 35, 105] 
MICSZ [2758, 2878] 120 [1, 2, 3, 4, 5, 6, 8, 10, 12, 15, 20, 24, 30, 40, 60, 120] 
ICSZA [2759, 2879] 120 [1, 2, 3, 4, 5, 6, 8, 10, 12, 15, 20, 24, 30, 40, 60, 120] 
CSZAI [2760, 2880] 120 [1, 2, 3, 4, 5, 6, 8, 10, 12, 15, 20, 24, 30, 40, 60, 120] 
VPPTOY [27, 217] 190 [1, 2, 5, 10, 19, 38, 95, 190] 
PPTOYC [28, 218] 190 [1, 2, 5, 10, 19, 38, 95, 190] 
PTOYCA [29, 219] 190 [1, 2, 5, 10, 19, 38, 95, 190] 
TOYCAW [30, 220] 190 [1, 2, 5, 10, 19, 38, 95, 190] 
XDJEQF [84, 2024] 1940 [1, 2, 4, 5, 10, 20, 97, 194, 388, 485, 970, 1940] 
DJEQFD [85, 2025] 1940 [1, 2, 4, 5, 10, 20, 97, 194, 388, 485, 970, 1940] 
JEQFDN [86, 2026] 1940 [1, 2, 4, 5, 10, 20, 97, 194, 388, 485, 970, 1940] 
TPJJCN [125, 2735] 2610 [1, 2, 3, 5, 6, 9, 10, 15, 18, 29, 30, 45, 58, 87, 90, 145, 174, 261, 290, 435, 522, 870, 1305, 2610] 
FISAKD [163, 1368, 2918] 1205 [1, 5, 241, 1205] 
ISAKDY [164, 1369] 1205 [1, 5, 241, 1205] 
ZCYMFN [185, 570, 2910] 385 [1, 5, 7, 11, 35, 55, 77, 385] 
HIEQFH [265, 1600] 1335 [1, 3, 5, 15, 89, 267, 445, 1335] 
OAZVFZ [280, 1340] 1060 [1, 2, 4, 5, 10, 20, 53, 106, 212, 265, 530, 1060] 
MMYHXM [357, 2042] 1685 [1, 5, 337, 1685] 
MYHXML [358, 2043] 1685 [1, 5, 337, 1685] 
YHXMLX [359, 2044] 1685 [1, 5, 337, 1685] 
HXMLXH [360, 2045] 1685 [1, 5, 337, 1685] 
XMLXHJ [361, 2046] 1685 [1, 5, 337, 1685] 
MLXHJE [362, 2047] 1685 [1, 5, 337, 1685] 
FHNFDW [369, 2969] 2600 [1, 2, 4, 5, 8, 10, 13, 20, 25, 26, 40, 50, 52, 65, 100, 104, 130, 200, 260, 325, 520, 650, 1300, 2600] 
HNFDWE [370, 2970] 2600 [1, 2, 4, 5, 8, 10, 13, 20, 25, 26, 40, 50, 52, 65, 100, 104, 130, 200, 260, 325, 520, 650, 1300, 2600] 
NFDWES [371, 2971] 2600 [1, 2, 4, 5, 8, 10, 13, 20, 25, 26, 40, 50, 52, 65, 100, 104, 130, 200, 260, 325, 520, 650, 1300, 2600] 
FDWESL [372, 1497] 1125 [1, 3, 5, 9, 15, 25, 45, 75, 125, 225, 375, 1125] 
HTVCZN [511, 1186] 675 [1, 3, 5, 9, 15, 25, 27, 45, 75, 135, 225, 675] 
IKWDCI [652, 962] 310 [1, 2, 5, 10, 31, 62, 155, 310] 
XERFDX [671, 1066] 395 [1, 5, 79, 395] 
ERFDXE [672, 1067] 395 [1, 5, 79, 395] 
MQAVXM [892, 1482] 590 [1, 2, 5, 10, 59, 118, 295, 590] 
JVKDYI [1017, 2167] 1150 [1, 2, 5, 10, 23, 25, 46, 50, 115, 230, 575, 1150] 
VKDYIT [1018, 2168] 1150 [1, 2, 5, 10, 23, 25, 46, 50, 115, 230, 575, 1150] 
YITAUO [1021, 1471] 450 [1, 2, 3, 5, 6, 9, 10, 15, 18, 25, 30, 45, 50, 75, 90, 150, 225, 450] 
ZPDHTV [1078, 1183] 105 [1, 3, 5, 7, 15, 21, 35, 105] 
OJMVAO [1324, 1669] 345 [1, 3, 5, 15, 23, 69, 115, 345] 
IFISAK [1367, 2917] 1550 [1, 2, 5, 10, 25, 31, 50, 62, 155, 310, 775, 1550] 
EIIQXE [1462, 2807] 1345 [1, 5, 269, 1345] 
YHJELA [1539, 1619] 80 [1, 2, 4, 5, 8, 10, 16, 20, 40, 80] 
SZAEUZ [1701, 1996] 295 [1, 5, 59, 295] 
VGSVTA [1864, 2749] 885 [1, 3, 5, 15, 59, 177, 295, 885] 
AEGUJV [1944, 2509] 565 [1, 5, 113, 565] 
EGUJVE [1945, 2510] 565 [1, 5, 113, 565] 
GUJVEG [1946, 2511] 565 [1, 5, 113, 565] 
UJVEGA [1947, 2512] 565 [1, 5, 113, 565] 
DVGSVT [2748, 2853] 105 [1, 3, 5, 7, 15, 21, 35, 105] 
MICSZA [2758, 2878] 120 [1, 2, 3, 4, 5, 6, 8, 10, 12, 15, 20, 24, 30, 40, 60, 120] 
ICSZAI [2759, 2879] 120 [1, 2, 3, 4, 5, 6, 8, 10, 12, 15, 20, 24, 30, 40, 60, 120] 
VPPTOYC [27, 217] 190 [1, 2, 5, 10, 19, 38, 95, 190] 
PPTOYCA [28, 218] 190 [1, 2, 5, 10, 19, 38, 95, 190] 
PTOYCAW [29, 219] 190 [1, 2, 5, 10, 19, 38, 95, 190] 
XDJEQFD [84, 2024] 1940 [1, 2, 4, 5, 10, 20, 97, 194, 388, 485, 970, 1940] 
DJEQFDN [85, 2025] 1940 [1, 2, 4, 5, 10, 20, 97, 194, 388, 485, 970, 1940] 
FISAKDY [163, 1368] 1205 [1, 5, 241, 1205] 
MMYHXML [357, 2042] 1685 [1, 5, 337, 1685] 
MYHXMLX [358, 2043] 1685 [1, 5, 337, 1685] 
YHXMLXH [359, 2044] 1685 [1, 5, 337, 1685] 
HXMLXHJ [360, 2045] 1685 [1, 5, 337, 1685] 
XMLXHJE [361, 2046] 1685 [1, 5, 337, 1685] 
FHNFDWE [369, 2969] 2600 [1, 2, 4, 5, 8, 10, 13, 20, 25, 26, 40, 50, 52, 65, 100, 104, 130, 200, 260, 325, 520, 650, 1300, 2600] 
HNFDWES [370, 2970] 2600 [1, 2, 4, 5, 8, 10, 13, 20, 25, 26, 40, 50, 52, 65, 100, 104, 130, 200, 260, 325, 520, 650, 1300, 2600] 
XERFDXE [671, 1066] 395 [1, 5, 79, 395] 
JVKDYIT [1017, 2167] 1150 [1, 2, 5, 10, 23, 25, 46, 50, 115, 230, 575, 1150] 
IFISAKD [1367, 2917] 1550 [1, 2, 5, 10, 25, 31, 50, 62, 155, 310, 775, 1550] 
AEGUJVE [1944, 2509] 565 [1, 5, 113, 565] 
EGUJVEG [1945, 2510] 565 [1, 5, 113, 565] 
GUJVEGA [1946, 2511] 565 [1, 5, 113, 565] 
MICSZAI [2758, 2878] 120 [1, 2, 3, 4, 5, 6, 8, 10, 12, 15, 20, 24, 30, 40, 60, 120] 
VPPTOYCA [27, 217] 190 [1, 2, 5, 10, 19, 38, 95, 190] 
PPTOYCAW [28, 218] 190 [1, 2, 5, 10, 19, 38, 95, 190] 
XDJEQFDN [84, 2024] 1940 [1, 2, 4, 5, 10, 20, 97, 194, 388, 485, 970, 1940] 
MMYHXMLX [357, 2042] 1685 [1, 5, 337, 1685] 
MYHXMLXH [358, 2043] 1685 [1, 5, 337, 1685] 
YHXMLXHJ [359, 2044] 1685 [1, 5, 337, 1685] 
HXMLXHJE [360, 2045] 1685 [1, 5, 337, 1685] 
FHNFDWES [369, 2969] 2600 [1, 2, 4, 5, 8, 10, 13, 20, 25, 26, 40, 50, 52, 65, 100, 104, 130, 200, 260, 325, 520, 650, 1300, 2600] 
AEGUJVEG [1944, 2509] 565 [1, 5, 113, 565] 
EGUJVEGA [1945, 2510] 565 [1, 5, 113, 565] 
VPPTOYCAW [27, 217] 190 [1, 2, 5, 10, 19, 38, 95, 190] 
MMYHXMLXH [357, 2042] 1685 [1, 5, 337, 1685] 
MYHXMLXHJ [358, 2043] 1685 [1, 5, 337, 1685] 
YHXMLXHJE [359, 2044] 1685 [1, 5, 337, 1685] 
AEGUJVEGA [1944, 2509] 565 [1, 5, 113, 565] 
MMYHXMLXHJ [357, 2042] 1685 [1, 5, 337, 1685] 
MYHXMLXHJE [358, 2043] 1685 [1, 5, 337, 1685] 
MMYHXMLXHJE [357, 2042] 1685 [1, 5, 337, 1685] 
