Pattern | occurs | spacing | factorsWUW [0, 402, 1327, 1672, 2667] 402 [1, 2, 3, 6, 67, 134, 201, 402] 
UWL [1, 1421] 1420 [1, 2, 4, 5, 10, 20, 71, 142, 284, 355, 710, 1420] 
WLA [2, 1422] 1420 [1, 2, 4, 5, 10, 20, 71, 142, 284, 355, 710, 1420] 
CNF [5, 2720] 2715 [1, 3, 5, 15, 181, 543, 905, 2715] 
FDG [7, 2797] 2790 [1, 2, 3, 5, 6, 9, 10, 15, 18, 30, 31, 45, 62, 90, 93, 155, 186, 279, 310, 465, 558, 930, 1395, 2790] 
EQV [11, 1816, 2246] 1805 [1, 5, 19, 95, 361, 1805] 
QVT [12, 802, 1817] 790 [1, 2, 5, 10, 79, 158, 395, 790] 
SSY [15, 1490] 1475 [1, 5, 25, 59, 295, 1475] 
SYL [16, 1491] 1475 [1, 5, 25, 59, 295, 1475] 
YLP [17, 2445] 2428 [1, 2, 4, 607, 1214, 2428] 
LPB [18, 1948, 2513] 1930 [1, 2, 5, 10, 193, 386, 965, 1930] 
PBE [19, 1294] 1275 [1, 3, 5, 15, 17, 25, 51, 75, 85, 255, 425, 1275] 
EDV [21, 416, 1101] 395 [1, 5, 79, 395] 
WEW [25, 495] 470 [1, 2, 5, 10, 47, 94, 235, 470] 
WFV [27, 217] 190 [1, 2, 5, 10, 19, 38, 95, 190] 
FVM [28, 218, 2708] 190 [1, 2, 5, 10, 19, 38, 95, 190] 
VMM [29, 219] 190 [1, 2, 5, 10, 19, 38, 95, 190] 
MMT [30, 220] 190 [1, 2, 5, 10, 19, 38, 95, 190] 
MTS [31, 221] 190 [1, 2, 5, 10, 19, 38, 95, 190] 
TSK [32, 222] 190 [1, 2, 5, 10, 19, 38, 95, 190] 
SKJ [33, 223, 598, 2928] 190 [1, 2, 5, 10, 19, 38, 95, 190] 
FJV [37, 1137, 2242] 1100 [1, 2, 4, 5, 10, 11, 20, 22, 25, 44, 50, 55, 100, 110, 220, 275, 550, 1100] 
JVG [38, 1028] 990 [1, 2, 3, 5, 6, 9, 10, 11, 15, 18, 22, 30, 33, 45, 55, 66, 90, 99, 110, 165, 198, 330, 495, 990] 
GGN [40, 285, 1555] 245 [1, 5, 7, 35, 49, 245] 
GNZ [41, 1556] 1515 [1, 3, 5, 15, 101, 303, 505, 1515] 
BJE [44, 1906, 2906] 1862 [1, 2, 7, 14, 19, 38, 49, 98, 133, 266, 931, 1862] 
JEW [45, 1965] 1920 [1, 2, 3, 4, 5, 6, 8, 10, 12, 15, 16, 20, 24, 30, 32, 40, 48, 60, 64, 80, 96, 120, 128, 160, 192, 240, 320, 384, 480, 640, 960, 1920] 
XAS [50, 290] 240 [1, 2, 3, 4, 5, 6, 8, 10, 12, 15, 16, 20, 24, 30, 40, 48, 60, 80, 120, 240] 
ASR [51, 1446] 1395 [1, 3, 5, 9, 15, 31, 45, 93, 155, 279, 465, 1395] 
SRP [52, 2852] 2800 [1, 2, 4, 5, 7, 8, 10, 14, 16, 20, 25, 28, 35, 40, 50, 56, 70, 80, 100, 112, 140, 175, 200, 280, 350, 400, 560, 700, 1400, 2800] 
RPY [53, 158, 713, 773, 2108] 105 [1, 3, 5, 7, 15, 21, 35, 105] 
BZE [61, 936] 875 [1, 5, 7, 25, 35, 125, 175, 875] 
ENY [63, 508, 2943] 445 [1, 5, 89, 445] 
NYR [64, 364, 2049, 2804, 2944] 300 [1, 2, 3, 4, 5, 6, 10, 12, 15, 20, 25, 30, 50, 60, 75, 100, 150, 300] 
YRN [65, 365, 1540, 1620, 2050, 2805] 300 [1, 2, 3, 4, 5, 6, 10, 12, 15, 20, 25, 30, 50, 60, 75, 100, 150, 300] 
RNE [66, 86, 2026, 2051] 20 [1, 2, 4, 5, 10, 20] 
LFG [78, 1878] 1800 [1, 2, 3, 4, 5, 6, 8, 9, 10, 12, 15, 18, 20, 24, 25, 30, 36, 40, 45, 50, 60, 72, 75, 90, 100, 120, 150, 180, 200, 225, 300, 360, 450, 600, 900, 1800] 
FGY [79, 429, 2119] 350 [1, 2, 5, 7, 10, 14, 25, 35, 50, 70, 175, 350] 
GYJ [80, 430, 2120] 350 [1, 2, 5, 7, 10, 14, 25, 35, 50, 70, 175, 350] 
YJK [81, 2276] 2195 [1, 5, 439, 2195] 
JKN [82, 2238] 2156 [1, 2, 4, 7, 11, 14, 22, 28, 44, 49, 77, 98, 154, 196, 308, 539, 1078, 2156] 
NCR [84, 1494, 2024, 2069] 1410 [1, 2, 3, 5, 6, 10, 15, 30, 47, 94, 141, 235, 282, 470, 705, 1410] 
CRN [85, 2025, 2070] 1940 [1, 2, 4, 5, 10, 20, 97, 194, 388, 485, 970, 1940] 
NEF [87, 267, 1602, 1637, 2027] 180 [1, 2, 3, 4, 5, 6, 9, 10, 12, 15, 18, 20, 30, 36, 45, 60, 90, 180] 
EFC [88, 1718, 2028] 1630 [1, 2, 5, 10, 163, 326, 815, 1630] 
FCN [89, 1579, 1659, 2029] 1490 [1, 2, 5, 10, 149, 298, 745, 1490] 
CNR [90, 1580] 1490 [1, 2, 5, 10, 149, 298, 745, 1490] 
XQP [98, 518, 1748, 2983] 420 [1, 2, 3, 4, 5, 6, 7, 10, 12, 14, 15, 20, 21, 28, 30, 35, 42, 60, 70, 84, 105, 140, 210, 420] 
QPU [99, 2984] 2885 [1, 5, 577, 2885] 
PUS [100, 1710, 2985] 1610 [1, 2, 5, 7, 10, 14, 23, 35, 46, 70, 115, 161, 230, 322, 805, 1610] 
USL [101, 1361, 2271] 1260 [1, 2, 3, 4, 5, 6, 7, 9, 10, 12, 14, 15, 18, 20, 21, 28, 30, 35, 36, 42, 45, 60, 63, 70, 84, 90, 105, 126, 140, 180, 210, 252, 315, 420, 630, 1260] 
LAM [103, 1423] 1320 [1, 2, 3, 4, 5, 6, 8, 10, 11, 12, 15, 20, 22, 24, 30, 33, 40, 44, 55, 60, 66, 88, 110, 120, 132, 165, 220, 264, 330, 440, 660, 1320] 
AMR [104, 1424] 1320 [1, 2, 3, 4, 5, 6, 8, 10, 11, 12, 15, 20, 22, 24, 30, 33, 40, 44, 55, 60, 66, 88, 110, 120, 132, 165, 220, 264, 330, 440, 660, 1320] 
QRT [107, 632, 1347, 2357, 2652] 525 [1, 3, 5, 7, 15, 21, 25, 35, 75, 105, 175, 525] 
RTB [108, 633, 2653] 525 [1, 3, 5, 7, 15, 21, 25, 35, 75, 105, 175, 525] 
TBI [109, 634, 1119] 525 [1, 3, 5, 7, 15, 21, 25, 35, 75, 105, 175, 525] 
BIM [110, 2183] 2073 [1, 3, 691, 2073] 
EDY [116, 483, 538] 367 [1, 367] 
YGP [118, 1778] 1660 [1, 2, 4, 5, 10, 20, 83, 166, 332, 415, 830, 1660] 
JPK [122, 277] 155 [1, 5, 31, 155] 
MLI [125, 2735] 2610 [1, 2, 3, 5, 6, 9, 10, 15, 18, 29, 30, 45, 58, 87, 90, 145, 174, 261, 290, 435, 522, 870, 1305, 2610] 
LIL [126, 2736] 2610 [1, 2, 3, 5, 6, 9, 10, 15, 18, 29, 30, 45, 58, 87, 90, 145, 174, 261, 290, 435, 522, 870, 1305, 2610] 
ILI [127, 2737] 2610 [1, 2, 3, 5, 6, 9, 10, 15, 18, 29, 30, 45, 58, 87, 90, 145, 174, 261, 290, 435, 522, 870, 1305, 2610] 
LIS [128, 490, 1700, 2738] 362 [1, 2, 181, 362] 
GNS [131, 1560] 1429 [1, 1429] 
NSK [132, 2812, 2927] 2680 [1, 2, 4, 5, 8, 10, 20, 40, 67, 134, 268, 335, 536, 670, 1340, 2680] 
AGL [136, 1876] 1740 [1, 2, 3, 4, 5, 6, 10, 12, 15, 20, 29, 30, 58, 60, 87, 116, 145, 174, 290, 348, 435, 580, 870, 1740] 
GLN [137, 875, 1272] 738 [1, 2, 3, 6, 9, 18, 41, 82, 123, 246, 369, 738] 
LNC [138, 1493, 2636] 1355 [1, 5, 271, 1355] 
CTR [140, 915, 1655] 775 [1, 5, 25, 31, 155, 775] 
TRV [141, 916, 1656] 775 [1, 5, 25, 31, 155, 775] 
RVM [142, 1332] 1190 [1, 2, 5, 7, 10, 14, 17, 34, 35, 70, 85, 119, 170, 238, 595, 1190] 
RNB [153, 546] 393 [1, 3, 131, 393] 
EGR [156, 293, 1434] 137 [1, 137] 
GRP [157, 707, 820, 1435, 1455] 550 [1, 2, 5, 10, 11, 22, 25, 50, 55, 110, 275, 550] 
YDF [160, 360, 2045, 2175, 2375, 2605] 200 [1, 2, 4, 5, 8, 10, 20, 25, 40, 50, 100, 200] 
FPC [162, 487, 1527, 1797] 325 [1, 5, 13, 25, 65, 325] 
PCN [163, 1368, 2343, 2918] 1205 [1, 5, 241, 1205] 
CNA [164, 1369, 2919] 1205 [1, 5, 241, 1205] 
NAH [165, 1370, 2920] 1205 [1, 5, 241, 1205] 
AHR [166, 1371, 2196, 2921] 1205 [1, 5, 241, 1205] 
HRM [167, 1372] 1205 [1, 5, 241, 1205] 
CZI [174, 214, 469, 1224] 40 [1, 2, 4, 5, 8, 10, 20, 40] 
ZIW [175, 215, 1225, 1265, 1642, 1675, 1865, 2075, 2335, 2750, 2855, 2950, 2990] 40 [1, 2, 4, 5, 8, 10, 20, 40] 
JGW [178, 2453] 2275 [1, 5, 7, 13, 25, 35, 65, 91, 175, 325, 455, 2275] 
KFC [181, 2036] 1855 [1, 5, 7, 35, 53, 265, 371, 1855] 
FCO [182, 2037] 1855 [1, 5, 7, 35, 53, 265, 371, 1855] 
COG [183, 2038] 1855 [1, 5, 7, 35, 53, 265, 371, 1855] 
OGY [184, 984] 800 [1, 2, 4, 5, 8, 10, 16, 20, 25, 32, 40, 50, 80, 100, 160, 200, 400, 800] 
GYT [185, 570, 2910] 385 [1, 5, 7, 11, 35, 55, 77, 385] 
YTI [186, 571, 2911] 385 [1, 5, 7, 11, 35, 55, 77, 385] 
TIF [187, 572, 1052, 2912] 385 [1, 5, 7, 11, 35, 55, 77, 385] 
IFS [188, 573, 1053, 2913] 385 [1, 5, 7, 11, 35, 55, 77, 385] 
DSS [194, 2479] 2285 [1, 5, 457, 2285] 
SSN [195, 2480] 2285 [1, 5, 457, 2285] 
SNI [196, 531, 2626] 335 [1, 5, 67, 335] 
NIC [197, 1922] 1725 [1, 3, 5, 15, 23, 25, 69, 75, 115, 345, 575, 1725] 
CBA [199, 1039, 1974] 840 [1, 2, 3, 4, 5, 6, 7, 8, 10, 12, 14, 15, 20, 21, 24, 28, 30, 35, 40, 42, 56, 60, 70, 84, 105, 120, 140, 168, 210, 280, 420, 840] 
ADR [201, 1841] 1640 [1, 2, 4, 5, 8, 10, 20, 40, 41, 82, 164, 205, 328, 410, 820, 1640] 
RPG [203, 1548] 1345 [1, 5, 269, 1345] 
IRP [207, 712, 2947] 505 [1, 5, 101, 505] 
PFI [209, 356] 147 [1, 3, 7, 21, 49, 147] 
FIE [210, 2377] 2167 [1, 11, 197, 2167] 
GBF [230, 1135, 2010] 905 [1, 5, 181, 905] 
BFJ [231, 1136] 905 [1, 5, 181, 905] 
FJK [232, 2252] 2020 [1, 2, 4, 5, 10, 20, 101, 202, 404, 505, 1010, 2020] 
KKI [234, 323] 89 [1, 89] 
HVX [237, 1112] 875 [1, 5, 7, 25, 35, 125, 175, 875] 
RNG [241, 523, 2008, 2573] 282 [1, 2, 3, 6, 47, 94, 141, 282] 
DYK [244, 2679] 2435 [1, 5, 487, 2435] 
YKY [245, 2680] 2435 [1, 5, 487, 2435] 
KYZ [246, 2096, 2681] 1850 [1, 2, 5, 10, 25, 37, 50, 74, 185, 370, 925, 1850] 
YZI [247, 512, 527, 1187] 265 [1, 5, 53, 265] 
ZIG [248, 513, 528, 1188] 265 [1, 5, 53, 265] 
IGM [249, 2924] 2675 [1, 5, 25, 107, 535, 2675] 
OYN [254, 2249, 2789] 1995 [1, 3, 5, 7, 15, 19, 21, 35, 57, 95, 105, 133, 285, 399, 665, 1995] 
GNF [260, 515] 255 [1, 3, 5, 15, 17, 51, 85, 255] 
NFI [261, 2721] 2460 [1, 2, 3, 4, 5, 6, 10, 12, 15, 20, 30, 41, 60, 82, 123, 164, 205, 246, 410, 492, 615, 820, 1230, 2460] 
FIM [262, 357, 2042] 95 [1, 5, 19, 95] 
IMY [263, 358, 2043, 2783] 95 [1, 5, 19, 95] 
YSN [265, 990, 1600] 725 [1, 5, 25, 29, 145, 725] 
SNE [266, 991, 1601] 725 [1, 5, 25, 29, 145, 725] 
EFY [268, 783, 1603, 1638, 2156] 515 [1, 5, 103, 515] 
FYK [269, 2234, 2592] 1965 [1, 3, 5, 15, 131, 393, 655, 1965] 
YKN [270, 1450, 1855] 1180 [1, 2, 4, 5, 10, 20, 59, 118, 236, 295, 590, 1180] 
NTG [272, 2632] 2360 [1, 2, 4, 5, 8, 10, 20, 40, 59, 118, 236, 295, 472, 590, 1180, 2360] 
RJP [276, 1086] 810 [1, 2, 3, 5, 6, 9, 10, 15, 18, 27, 30, 45, 54, 81, 90, 135, 162, 270, 405, 810] 
KRA [279, 2124, 2754] 1845 [1, 3, 5, 9, 15, 41, 45, 123, 205, 369, 615, 1845] 
RAS [280, 1340] 1060 [1, 2, 4, 5, 10, 20, 53, 106, 212, 265, 530, 1060] 
ASZ [281, 1341] 1060 [1, 2, 4, 5, 10, 20, 53, 106, 212, 265, 530, 1060] 
SZF [282, 1217, 1342] 935 [1, 5, 11, 17, 55, 85, 187, 935] 
ZFG [283, 1343] 1060 [1, 2, 4, 5, 10, 20, 53, 106, 212, 265, 530, 1060] 
FGG [284, 1554] 1270 [1, 2, 5, 10, 127, 254, 635, 1270] 
TND [296, 1166] 870 [1, 2, 3, 5, 6, 10, 15, 29, 30, 58, 87, 145, 174, 290, 435, 870] 
PGT [299, 1549] 1250 [1, 2, 5, 10, 25, 50, 125, 250, 625, 1250] 
JBK [302, 1022, 1472] 720 [1, 2, 3, 4, 5, 6, 8, 9, 10, 12, 15, 16, 18, 20, 24, 30, 36, 40, 45, 48, 60, 72, 80, 90, 120, 144, 180, 240, 360, 720] 
KKA [304, 2424, 2729] 2120 [1, 2, 4, 5, 8, 10, 20, 40, 53, 106, 212, 265, 424, 530, 1060, 2120] 
AWR [306, 976, 2286] 670 [1, 2, 5, 10, 67, 134, 335, 670] 
WRD [307, 1737] 1430 [1, 2, 5, 10, 11, 13, 22, 26, 55, 65, 110, 130, 143, 286, 715, 1430] 
RDY [308, 2678] 2370 [1, 2, 3, 5, 6, 10, 15, 30, 79, 158, 237, 395, 474, 790, 1185, 2370] 
YBJ [310, 2530, 2905] 2220 [1, 2, 3, 4, 5, 6, 10, 12, 15, 20, 30, 37, 60, 74, 111, 148, 185, 222, 370, 444, 555, 740, 1110, 2220] 
JJQ [312, 432] 120 [1, 2, 3, 4, 5, 6, 8, 10, 12, 15, 20, 24, 30, 40, 60, 120] 
AIZ [316, 2566] 2250 [1, 2, 3, 5, 6, 9, 10, 15, 18, 25, 30, 45, 50, 75, 90, 125, 150, 225, 250, 375, 450, 750, 1125, 2250] 
IZO [317, 982] 665 [1, 5, 7, 19, 35, 95, 133, 665] 
EIY [320, 1530, 2470] 1210 [1, 2, 5, 10, 11, 22, 55, 110, 121, 242, 605, 1210] 
IYK [321, 1531] 1210 [1, 2, 5, 10, 11, 22, 55, 110, 121, 242, 605, 1210] 
YKK [322, 1532] 1210 [1, 2, 5, 10, 11, 22, 55, 110, 121, 242, 605, 1210] 
KIT [324, 2339] 2015 [1, 5, 13, 31, 65, 155, 403, 2015] 
ITJ [325, 2340] 2015 [1, 5, 13, 31, 65, 155, 403, 2015] 
EUM [328, 2223] 1895 [1, 5, 379, 1895] 
UMN [329, 1734, 2099] 1405 [1, 5, 281, 1405] 
MNW [330, 1735, 2100] 1405 [1, 5, 281, 1405] 
NWR [331, 1736, 2101] 1405 [1, 5, 281, 1405] 
WRF [332, 2527] 2195 [1, 5, 439, 2195] 
FSR [334, 829] 495 [1, 3, 5, 9, 11, 15, 33, 45, 55, 99, 165, 495] 
RIL [336, 1385, 1426] 1049 [1, 1049] 
NJK [342, 902, 1542, 1622] 560 [1, 2, 4, 5, 7, 8, 10, 14, 16, 20, 28, 35, 40, 56, 70, 80, 112, 140, 280, 560] 
YCN [345, 2630] 2285 [1, 5, 457, 2285] 
FGM [349, 1354] 1005 [1, 3, 5, 15, 67, 201, 335, 1005] 
MJB [351, 1721, 2206] 1370 [1, 2, 5, 10, 137, 274, 685, 1370] 
MYD [359, 2044, 2174, 2374] 1685 [1, 5, 337, 1685] 
DFJ [361, 2046] 1685 [1, 5, 337, 1685] 
FJN [362, 2047] 1685 [1, 5, 337, 1685] 
JNY [363, 2048] 1685 [1, 5, 337, 1685] 
NDF [367, 672, 922, 1067] 305 [1, 5, 61, 305] 
DFY [368, 2961] 2593 [1, 2593] 
FYN [369, 2969] 2600 [1, 2, 4, 5, 8, 10, 13, 20, 25, 26, 40, 50, 52, 65, 100, 104, 130, 200, 260, 325, 520, 650, 1300, 2600] 
YNM [370, 2970] 2600 [1, 2, 4, 5, 8, 10, 13, 20, 25, 26, 40, 50, 52, 65, 100, 104, 130, 200, 260, 325, 520, 650, 1300, 2600] 
NMR [371, 2971] 2600 [1, 2, 4, 5, 8, 10, 13, 20, 25, 26, 40, 50, 52, 65, 100, 104, 130, 200, 260, 325, 520, 650, 1300, 2600] 
MRO [372, 1497, 2972] 1125 [1, 3, 5, 9, 15, 25, 45, 75, 125, 225, 375, 1125] 
ROB [373, 1498, 2973] 1125 [1, 3, 5, 9, 15, 25, 45, 75, 125, 225, 375, 1125] 
OBI [374, 1499, 2974] 1125 [1, 3, 5, 9, 15, 25, 45, 75, 125, 225, 375, 1125] 
BIG [375, 1500] 1125 [1, 3, 5, 9, 15, 25, 45, 75, 125, 225, 375, 1125] 
IGR [376, 706] 330 [1, 2, 3, 5, 6, 10, 11, 15, 22, 30, 33, 55, 66, 110, 165, 330] 
GRU [377, 860, 2895] 483 [1, 3, 7, 21, 23, 69, 161, 483] 
RUG [378, 953] 575 [1, 5, 23, 25, 115, 575] 
UGN [379, 954, 973, 1044, 2214, 2829] 575 [1, 5, 23, 25, 115, 575] 
GNN [380, 955, 1630, 2220, 2830] 575 [1, 5, 23, 25, 115, 575] 
RZU [387, 737, 1042, 1382, 1582, 2902] 350 [1, 2, 5, 7, 10, 14, 25, 35, 50, 70, 175, 350] 
ZES [390, 1535] 1145 [1, 5, 229, 1145] 
ESZ [391, 1536] 1145 [1, 5, 229, 1145] 
SZE [392, 426, 1686] 34 [1, 2, 17, 34] 
GNI [396, 1045, 1310, 2215] 649 [1, 11, 59, 649] 
NIK [397, 957, 2002] 560 [1, 2, 4, 5, 7, 8, 10, 14, 16, 20, 28, 35, 40, 56, 70, 80, 112, 140, 280, 560] 
IKW [398, 2588] 2190 [1, 2, 3, 5, 6, 10, 15, 30, 73, 146, 219, 365, 438, 730, 1095, 2190] 
WOW [400, 1325, 1645, 1670] 925 [1, 5, 25, 37, 185, 925] 
OWU [401, 1326, 1671] 925 [1, 5, 25, 37, 185, 925] 
BUR [410, 1950, 2515] 1540 [1, 2, 4, 5, 7, 10, 11, 14, 20, 22, 28, 35, 44, 55, 70, 77, 110, 140, 154, 220, 308, 385, 770, 1540] 
REG [412, 1123, 2325] 711 [1, 3, 9, 79, 237, 711] 
GPE [414, 794, 1754, 2299] 380 [1, 2, 4, 5, 10, 19, 20, 38, 76, 95, 190, 380] 
VIG [418, 458] 40 [1, 2, 4, 5, 8, 10, 20, 40] 
IGD [419, 459] 40 [1, 2, 4, 5, 8, 10, 20, 40] 
DNP [421, 2401] 1980 [1, 2, 3, 4, 5, 6, 9, 10, 11, 12, 15, 18, 20, 22, 30, 33, 36, 44, 45, 55, 60, 66, 90, 99, 110, 132, 165, 180, 198, 220, 330, 396, 495, 660, 990, 1980] 
NPQ [422, 877] 455 [1, 5, 7, 13, 35, 65, 91, 455] 
PQP [423, 878] 455 [1, 5, 7, 13, 35, 65, 91, 455] 
ZEF [427, 1687, 1717] 1260 [1, 2, 3, 4, 5, 6, 7, 9, 10, 12, 14, 15, 18, 20, 21, 28, 30, 35, 36, 42, 45, 60, 63, 70, 84, 90, 105, 126, 140, 180, 210, 252, 315, 420, 630, 1260] 
EFG [428, 1308] 880 [1, 2, 4, 5, 8, 10, 11, 16, 20, 22, 40, 44, 55, 80, 88, 110, 176, 220, 440, 880] 
QPD [434, 879] 445 [1, 5, 89, 445] 
PDZ [435, 880] 445 [1, 5, 89, 445] 
DZY [436, 1776] 1340 [1, 2, 4, 5, 10, 20, 67, 134, 268, 335, 670, 1340] 
YKA [438, 1468, 2593] 1030 [1, 2, 5, 10, 103, 206, 515, 1030] 
KAG [439, 2425] 1986 [1, 2, 3, 6, 331, 662, 993, 1986] 
KLI [444, 1094] 650 [1, 2, 5, 10, 13, 25, 26, 50, 65, 130, 325, 650] 
IDF [446, 501] 55 [1, 5, 11, 55] 
LVN [452, 567] 115 [1, 5, 23, 115] 
CKK [463, 2423] 1960 [1, 2, 4, 5, 7, 8, 10, 14, 20, 28, 35, 40, 49, 56, 70, 98, 140, 196, 245, 280, 392, 490, 980, 1960] 
KKC [464, 1173] 709 [1, 709] 
JMC [467, 2823] 2356 [1, 2, 4, 19, 31, 38, 62, 76, 124, 589, 1178, 2356] 
IRZ [471, 1571, 2936] 1100 [1, 2, 4, 5, 10, 11, 20, 22, 25, 44, 50, 55, 100, 110, 220, 275, 550, 1100] 
RZD [472, 1572] 1100 [1, 2, 4, 5, 10, 11, 20, 22, 25, 44, 50, 55, 100, 110, 220, 275, 550, 1100] 
QVO [477, 2247] 1770 [1, 2, 3, 5, 6, 10, 15, 30, 59, 118, 177, 295, 354, 590, 885, 1770] 
VOC [478, 998] 520 [1, 2, 4, 5, 8, 10, 13, 20, 26, 40, 52, 65, 104, 130, 260, 520] 
OCD [479, 2434] 1955 [1, 5, 17, 23, 85, 115, 391, 1955] 
CDJ [480, 665] 185 [1, 5, 37, 185] 
YNF [485, 1140, 2250] 655 [1, 5, 131, 655] 
PCL [488, 1798] 1310 [1, 2, 5, 10, 131, 262, 655, 1310] 
CLI [489, 1784] 1295 [1, 5, 7, 35, 37, 185, 259, 1295] 
ISU [491, 1701, 1996, 2761, 2881] 1210 [1, 2, 5, 10, 11, 22, 55, 110, 121, 242, 605, 1210] 
SUC [492, 2762, 2882] 2270 [1, 2, 5, 10, 227, 454, 1135, 2270] 
UCW [493, 2763] 2270 [1, 2, 5, 10, 227, 454, 1135, 2270] 
RER [498, 825] 327 [1, 3, 109, 327] 
TYZ [511, 1081, 1186] 570 [1, 2, 3, 5, 6, 10, 15, 19, 30, 38, 57, 95, 114, 190, 285, 570] 
IGN [514, 1189] 675 [1, 3, 5, 9, 15, 25, 27, 45, 75, 135, 225, 675] 
FXQ [517, 2982] 2465 [1, 5, 17, 29, 85, 145, 493, 2465] 
NGS [524, 2574] 2050 [1, 2, 5, 10, 25, 41, 50, 82, 205, 410, 1025, 2050] 
GSY [525, 605, 995] 80 [1, 2, 4, 5, 8, 10, 16, 20, 40, 80] 
SYZ [526, 606] 80 [1, 2, 4, 5, 8, 10, 16, 20, 40, 80] 
GSN [530, 920, 1460, 2575, 2625] 390 [1, 2, 3, 5, 6, 10, 13, 15, 26, 30, 39, 65, 78, 130, 195, 390] 
NIM [532, 2782] 2250 [1, 2, 3, 5, 6, 9, 10, 15, 18, 25, 30, 45, 50, 75, 90, 125, 150, 225, 250, 375, 450, 750, 1125, 2250] 
CTN [535, 1165, 2615] 630 [1, 2, 3, 5, 6, 7, 9, 10, 14, 15, 18, 21, 30, 35, 42, 45, 63, 70, 90, 105, 126, 210, 315, 630] 
TNE [536, 2836] 2300 [1, 2, 4, 5, 10, 20, 23, 25, 46, 50, 92, 100, 115, 230, 460, 575, 1150, 2300] 
NED [537, 1452] 915 [1, 3, 5, 15, 61, 183, 305, 915] 
ZRN [545, 2802] 2257 [1, 37, 61, 2257] 
NBC [547, 1522] 975 [1, 3, 5, 13, 15, 25, 39, 65, 75, 195, 325, 975] 
BCJ [548, 1613] 1065 [1, 3, 5, 15, 71, 213, 355, 1065] 
JAW [550, 2285, 2690, 2715] 1735 [1, 5, 347, 1735] 
AWZ [551, 2231, 2716] 1680 [1, 2, 3, 4, 5, 6, 7, 8, 10, 12, 14, 15, 16, 20, 21, 24, 28, 30, 35, 40, 42, 48, 56, 60, 70, 80, 84, 105, 112, 120, 140, 168, 210, 240, 280, 336, 420, 560, 840, 1680] 
WZP [552, 2952] 2400 [1, 2, 3, 4, 5, 6, 8, 10, 12, 15, 16, 20, 24, 25, 30, 32, 40, 48, 50, 60, 75, 80, 96, 100, 120, 150, 160, 200, 240, 300, 400, 480, 600, 800, 1200, 2400] 
ZPG [553, 1593, 1933, 2953] 1040 [1, 2, 4, 5, 8, 10, 13, 16, 20, 26, 40, 52, 65, 80, 104, 130, 208, 260, 520, 1040] 
CCQ [558, 2743] 2185 [1, 5, 19, 23, 95, 115, 437, 2185] 
QMF [560, 1195] 635 [1, 5, 127, 635] 
MFB [561, 2346] 1785 [1, 3, 5, 7, 15, 17, 21, 35, 51, 85, 105, 119, 255, 357, 595, 1785] 
VYN [564, 1139] 575 [1, 5, 23, 25, 115, 575] 
NLV [566, 2031] 1465 [1, 5, 293, 1465] 
VNG [568, 2993] 2425 [1, 5, 25, 97, 485, 2425] 
NGY [569, 2994] 2425 [1, 5, 25, 97, 485, 2425] 
FSG [574, 1689] 1115 [1, 5, 223, 1115] 
GJC [576, 2431] 1855 [1, 5, 7, 35, 53, 265, 371, 1855] 
LZO [582, 722] 140 [1, 2, 4, 5, 7, 10, 14, 20, 28, 35, 70, 140] 
ZOG [583, 983] 400 [1, 2, 4, 5, 8, 10, 16, 20, 25, 40, 50, 80, 100, 200, 400] 
AVV [587, 1182] 595 [1, 5, 7, 17, 35, 85, 119, 595] 
VVC [588, 663, 1078, 1183] 75 [1, 3, 5, 15, 25, 75] 
ICD [593, 2673, 2758, 2878] 2080 [1, 2, 4, 5, 8, 10, 13, 16, 20, 26, 32, 40, 52, 65, 80, 104, 130, 160, 208, 260, 416, 520, 1040, 2080] 
LFS [596, 828] 232 [1, 2, 4, 8, 29, 58, 116, 232] 
KJD [599, 1064] 465 [1, 3, 5, 15, 31, 93, 155, 465] 
JDN [600, 1005, 1065, 1280, 1615] 405 [1, 3, 5, 9, 15, 27, 45, 81, 135, 405] 
DNI [601, 1281] 680 [1, 2, 4, 5, 8, 10, 17, 20, 34, 40, 68, 85, 136, 170, 340, 680] 
NIO [602, 1282, 2627] 680 [1, 2, 4, 5, 8, 10, 17, 20, 34, 40, 68, 85, 136, 170, 340, 680] 
OGS [604, 629, 2039] 25 [1, 5, 25] 
YZO [607, 2682] 2075 [1, 5, 25, 83, 415, 2075] 
EWY [611, 2311] 1700 [1, 2, 4, 5, 10, 17, 20, 25, 34, 50, 68, 85, 100, 170, 340, 425, 850, 1700] 
WYC [612, 2312] 1700 [1, 2, 4, 5, 10, 17, 20, 25, 34, 50, 68, 85, 100, 170, 340, 425, 850, 1700] 
CJD [614, 1279, 1614] 665 [1, 5, 7, 19, 35, 95, 133, 665] 
DJY [616, 1073] 457 [1, 457] 
IWC [621, 2336, 2871] 1715 [1, 5, 7, 35, 49, 245, 343, 1715] 
WCK [622, 2337] 1715 [1, 5, 7, 35, 49, 245, 343, 1715] 
CKI [623, 2338] 1715 [1, 5, 7, 35, 49, 245, 343, 1715] 
YFG [626, 986] 360 [1, 2, 3, 4, 5, 6, 8, 9, 10, 12, 15, 18, 20, 24, 30, 36, 40, 45, 60, 72, 90, 120, 180, 360] 
FGO [627, 987] 360 [1, 2, 3, 4, 5, 6, 8, 9, 10, 12, 15, 18, 20, 24, 30, 36, 40, 45, 60, 72, 90, 120, 180, 360] 
GSQ [630, 800] 170 [1, 2, 5, 10, 17, 34, 85, 170] 
IIR [646, 2450] 1804 [1, 2, 4, 11, 22, 41, 44, 82, 164, 451, 902, 1804] 
JKO [652, 962] 310 [1, 2, 5, 10, 31, 62, 155, 310] 
KOC [653, 963] 310 [1, 2, 5, 10, 31, 62, 155, 310] 
OCY [654, 964, 999] 310 [1, 2, 5, 10, 31, 62, 155, 310] 
CYJ [655, 965, 1000] 310 [1, 2, 5, 10, 31, 62, 155, 310] 
WVV [662, 1077] 415 [1, 5, 83, 415] 
JDG [667, 927, 932, 1107] 260 [1, 2, 4, 5, 10, 13, 20, 26, 52, 65, 130, 260] 
DND [671, 1006, 1066, 1071, 1616] 335 [1, 5, 67, 335] 
DFC [673, 923, 1068] 250 [1, 2, 5, 10, 25, 50, 125, 250] 
FCD [674, 1069] 395 [1, 5, 79, 395] 
CDN [675, 1070, 2435] 395 [1, 5, 79, 395] 
WJD [679, 1774] 1095 [1, 3, 5, 15, 73, 219, 365, 1095] 
JDZ [680, 840, 850, 1775] 160 [1, 2, 4, 5, 8, 10, 16, 20, 32, 40, 80, 160] 
DZD [681, 857, 881] 176 [1, 2, 4, 8, 11, 16, 22, 44, 88, 176] 
WLU [692, 844] 152 [1, 2, 4, 8, 19, 38, 76, 152] 
RUK [702, 2388] 1686 [1, 2, 3, 6, 281, 562, 843, 1686] 
IAI [710, 2565] 1855 [1, 5, 7, 35, 53, 265, 371, 1855] 
PYY [714, 774] 60 [1, 2, 3, 4, 5, 6, 10, 12, 15, 20, 30, 60] 
YYW [715, 1075] 360 [1, 2, 3, 4, 5, 6, 8, 9, 10, 12, 15, 18, 20, 24, 30, 36, 40, 45, 60, 72, 90, 120, 180, 360] 
ILZ [721, 1386, 2540] 665 [1, 5, 7, 19, 35, 95, 133, 665] 
ZOB [723, 2683] 1960 [1, 2, 4, 5, 7, 8, 10, 14, 20, 28, 35, 40, 49, 56, 70, 98, 140, 196, 245, 280, 392, 490, 980, 1960] 
BAS [725, 2655] 1930 [1, 2, 5, 10, 193, 386, 965, 1930] 
ASS [726, 2656] 1930 [1, 2, 5, 10, 193, 386, 965, 1930] 
GPI [729, 1994, 2134] 1265 [1, 5, 11, 23, 55, 115, 253, 1265] 
FTK [733, 2263] 1530 [1, 2, 3, 5, 6, 9, 10, 15, 17, 18, 30, 34, 45, 51, 85, 90, 102, 153, 170, 255, 306, 510, 765, 1530] 
TKE [734, 1929, 2464] 1195 [1, 5, 239, 1195] 
ZUR [738, 1383] 645 [1, 3, 5, 15, 43, 129, 215, 645] 
URI [739, 1384] 645 [1, 3, 5, 15, 43, 129, 215, 645] 
RIR [740, 2946] 2206 [1, 2, 1103, 2206] 
RDC [742, 2458] 1716 [1, 2, 3, 4, 6, 11, 12, 13, 22, 26, 33, 39, 44, 52, 66, 78, 132, 143, 156, 286, 429, 572, 858, 1716] 
DCI [743, 2408] 1665 [1, 3, 5, 9, 15, 37, 45, 111, 185, 333, 555, 1665] 
CII [744, 1924] 1180 [1, 2, 4, 5, 10, 20, 59, 118, 236, 295, 590, 1180] 
ISV [746, 1981, 2661] 1235 [1, 5, 13, 19, 65, 95, 247, 1235] 
VXC [748, 2698] 1950 [1, 2, 3, 5, 6, 10, 13, 15, 25, 26, 30, 39, 50, 65, 75, 78, 130, 150, 195, 325, 390, 650, 975, 1950] 
ZTC [753, 1413] 660 [1, 2, 3, 4, 5, 6, 10, 11, 12, 15, 20, 22, 30, 33, 44, 55, 60, 66, 110, 132, 165, 220, 330, 660] 
CKT [755, 2488] 1733 [1, 1733] 
DKQ [758, 883, 1203] 125 [1, 5, 25, 125] 
ZXW [767, 842] 75 [1, 3, 5, 15, 25, 75] 
WWA [769, 2229] 1460 [1, 2, 4, 5, 10, 20, 73, 146, 292, 365, 730, 1460] 
BYM [779, 889] 110 [1, 2, 5, 10, 11, 22, 55, 110] 
YMF [780, 890] 110 [1, 2, 5, 10, 11, 22, 55, 110] 
MFE [781, 891, 1196] 110 [1, 2, 5, 10, 11, 22, 55, 110] 
DCL [788, 1783] 995 [1, 5, 199, 995] 
BGP [793, 2298] 1505 [1, 5, 7, 35, 43, 215, 301, 1505] 
PEX [795, 2300] 1505 [1, 5, 7, 35, 43, 215, 301, 1505] 
XKG [797, 1097, 2062] 300 [1, 2, 3, 4, 5, 6, 10, 12, 15, 20, 25, 30, 50, 60, 75, 100, 150, 300] 
VTG [803, 2033, 2623] 1230 [1, 2, 3, 5, 6, 10, 15, 30, 41, 82, 123, 205, 246, 410, 615, 1230] 
GYQ [805, 2995] 2190 [1, 2, 3, 5, 6, 10, 15, 30, 73, 146, 219, 365, 438, 730, 1095, 2190] 
YQV [806, 2996] 2190 [1, 2, 3, 5, 6, 10, 15, 30, 73, 146, 219, 365, 438, 730, 1095, 2190] 
RFJ [811, 2241] 1430 [1, 2, 5, 10, 11, 13, 22, 26, 55, 65, 110, 130, 143, 286, 715, 1430] 
FJC [812, 1142] 330 [1, 2, 3, 5, 6, 10, 11, 15, 22, 30, 33, 55, 66, 110, 165, 330] 
CLB [814, 2884] 2070 [1, 2, 3, 5, 6, 9, 10, 15, 18, 23, 30, 45, 46, 69, 90, 115, 138, 207, 230, 345, 414, 690, 1035, 2070] 
LBN [815, 2000, 2885] 1185 [1, 3, 5, 15, 79, 237, 395, 1185] 
BNI [816, 1921, 2001, 2256, 2781, 2886] 1105 [1, 5, 13, 17, 65, 85, 221, 1105] 
NIU [817, 2257] 1440 [1, 2, 3, 4, 5, 6, 8, 9, 10, 12, 15, 16, 18, 20, 24, 30, 32, 36, 40, 45, 48, 60, 72, 80, 90, 96, 120, 144, 160, 180, 240, 288, 360, 480, 720, 1440] 
VVR [823, 2128] 1305 [1, 3, 5, 9, 15, 29, 45, 87, 145, 261, 435, 1305] 
ERL [826, 906] 80 [1, 2, 4, 5, 8, 10, 16, 20, 40, 80] 
RLF [827, 2140] 1313 [1, 13, 101, 1313] 
CTI [834, 2581] 1747 [1, 1747] 
ISZ [836, 871, 1216, 1861] 35 [1, 5, 7, 35] 
SZQ [837, 1666, 1771] 829 [1, 829] 
ZQJ [838, 2283] 1445 [1, 5, 17, 85, 289, 1445] 
QJD [839, 849] 10 [1, 2, 5, 10] 
BEY [853, 1990] 1137 [1, 3, 379, 1137] 
EYI [854, 2671] 1817 [1, 23, 79, 1817] 
ZDG [858, 873, 1573] 15 [1, 3, 5, 15] 
DGR [859, 1429, 1454] 570 [1, 2, 3, 5, 6, 10, 15, 19, 30, 38, 57, 95, 114, 190, 285, 570] 
RUR [861, 2896] 2035 [1, 5, 11, 37, 55, 185, 407, 2035] 
RTY [863, 1348] 485 [1, 5, 97, 485] 
AQU [866, 2956] 2090 [1, 2, 5, 10, 11, 19, 22, 38, 55, 95, 110, 190, 209, 418, 1045, 2090] 
QUK [867, 2957] 2090 [1, 2, 5, 10, 11, 19, 22, 38, 55, 95, 110, 190, 209, 418, 1045, 2090] 
UKE [868, 2933] 2065 [1, 5, 7, 35, 59, 295, 413, 2065] 
KEI [869, 2465, 2934] 1596 [1, 2, 3, 4, 6, 7, 12, 14, 19, 21, 28, 38, 42, 57, 76, 84, 114, 133, 228, 266, 399, 532, 798, 1596] 
DGL [874, 928, 933, 1364, 1574] 54 [1, 2, 3, 6, 9, 18, 27, 54] 
SNQ [886, 2116, 2355] 1230 [1, 2, 3, 5, 6, 10, 15, 30, 41, 82, 123, 205, 246, 410, 615, 1230] 
FEK [892, 1482, 2727] 590 [1, 2, 5, 10, 59, 118, 295, 590] 
EKK [893, 1483, 2728] 590 [1, 2, 5, 10, 59, 118, 295, 590] 
KKD [894, 1484, 2959] 590 [1, 2, 5, 10, 59, 118, 295, 590] 
KDF [895, 1485, 2960] 590 [1, 2, 5, 10, 59, 118, 295, 590] 
DNJ [901, 2436] 1535 [1, 5, 307, 1535] 
JKL [903, 1543] 640 [1, 2, 4, 5, 8, 10, 16, 20, 32, 40, 64, 80, 128, 160, 320, 640] 
YCF [910, 1825] 915 [1, 3, 5, 15, 61, 183, 305, 915] 
VCT [914, 1079, 1184] 165 [1, 3, 5, 11, 15, 33, 55, 165] 
RVA [917, 1443] 526 [1, 2, 263, 526] 
HJD [926, 931] 5 [1, 5] 
GLB [934, 1704, 1999] 770 [1, 2, 5, 7, 10, 11, 14, 22, 35, 55, 70, 77, 110, 154, 385, 770] 
LBZ [935, 1705] 770 [1, 2, 5, 7, 10, 11, 14, 22, 35, 55, 70, 77, 110, 154, 385, 770] 
ZEW [937, 1322, 2227] 385 [1, 5, 7, 11, 35, 55, 77, 385] 
ZPB [943, 1293] 350 [1, 2, 5, 7, 10, 14, 25, 35, 50, 70, 175, 350] 
AJK [961, 1391] 430 [1, 2, 5, 10, 43, 86, 215, 430] 
JUG [967, 1477, 2320] 510 [1, 2, 3, 5, 6, 10, 15, 17, 30, 34, 51, 85, 102, 170, 255, 510] 
GEI [969, 1089] 120 [1, 2, 3, 4, 5, 6, 8, 10, 12, 15, 20, 24, 30, 40, 60, 120] 
RAY [978, 1448] 470 [1, 2, 5, 10, 47, 94, 235, 470] 
AYR [979, 1546] 567 [1, 3, 7, 9, 21, 27, 63, 81, 189, 567] 
YRI [980, 2945] 1965 [1, 3, 5, 15, 131, 393, 655, 1965] 
RIZ [981, 1016] 35 [1, 5, 7, 35] 
GYF [985, 1505] 520 [1, 2, 4, 5, 8, 10, 13, 20, 26, 40, 52, 65, 104, 130, 260, 520] 
NEK [992, 1872, 1902, 1942] 880 [1, 2, 4, 5, 8, 10, 11, 16, 20, 22, 40, 44, 55, 80, 88, 110, 176, 220, 440, 880] 
NSV [1011, 1561, 2189] 550 [1, 2, 5, 10, 11, 22, 25, 50, 55, 110, 275, 550] 
SVF [1012, 1850] 838 [1, 2, 419, 838] 
VFC [1013, 1578, 1658] 565 [1, 5, 113, 565] 
IZA [1017, 1047, 2167] 30 [1, 2, 3, 5, 6, 10, 15, 30] 
ZAC [1018, 1048, 2168, 2493] 30 [1, 2, 3, 5, 6, 10, 15, 30] 
ACC [1019, 2169] 1150 [1, 2, 5, 10, 23, 25, 46, 50, 115, 230, 575, 1150] 
CCJ [1020, 1970, 2170] 950 [1, 2, 5, 10, 19, 25, 38, 50, 95, 190, 475, 950] 
CJB [1021, 1471, 2171] 450 [1, 2, 3, 5, 6, 9, 10, 15, 18, 25, 30, 45, 50, 75, 90, 150, 225, 450] 
BKL [1023, 1473, 2483] 450 [1, 2, 3, 5, 6, 9, 10, 15, 18, 25, 30, 45, 50, 75, 90, 150, 225, 450] 
KLM [1024, 1474] 450 [1, 2, 3, 5, 6, 9, 10, 15, 18, 25, 30, 45, 50, 75, 90, 150, 225, 450] 
MNJ [1026, 2866] 1840 [1, 2, 4, 5, 8, 10, 16, 20, 23, 40, 46, 80, 92, 115, 184, 230, 368, 460, 920, 1840] 
VGM [1029, 1394] 365 [1, 5, 73, 365] 
BAR [1040, 1975] 935 [1, 5, 11, 17, 55, 85, 187, 935] 
ZUG [1043, 2213] 1170 [1, 2, 3, 5, 6, 9, 10, 13, 15, 18, 26, 30, 39, 45, 65, 78, 90, 117, 130, 195, 234, 390, 585, 1170] 
NIZ [1046, 2021, 2166] 975 [1, 3, 5, 13, 15, 25, 39, 65, 75, 195, 325, 975] 
FPK [1057, 2507] 1450 [1, 2, 5, 10, 25, 29, 50, 58, 145, 290, 725, 1450] 
JYY [1074, 2889] 1815 [1, 3, 5, 11, 15, 33, 55, 121, 165, 363, 605, 1815] 
CTY [1080, 1185, 2495] 105 [1, 3, 5, 7, 15, 21, 35, 105] 
JPG [1087, 1752] 665 [1, 5, 7, 19, 35, 95, 133, 665] 
IXK [1096, 2391] 1295 [1, 5, 7, 35, 37, 185, 259, 1295] 
GKE [1099, 1959, 2309] 860 [1, 2, 4, 5, 10, 20, 43, 86, 172, 215, 430, 860] 
KQT [1104, 2704] 1600 [1, 2, 4, 5, 8, 10, 16, 20, 25, 32, 40, 50, 64, 80, 100, 160, 200, 320, 400, 800, 1600] 
DGW [1108, 2473] 1365 [1, 3, 5, 7, 13, 15, 21, 35, 39, 65, 91, 105, 195, 273, 455, 1365] 
GWE [1109, 2454] 1345 [1, 5, 269, 1345] 
EHV [1111, 2441] 1330 [1, 2, 5, 7, 10, 14, 19, 35, 38, 70, 95, 133, 190, 266, 665, 1330] 
AVT [1117, 1927, 2462, 2642] 810 [1, 2, 3, 5, 6, 9, 10, 15, 18, 27, 30, 45, 54, 81, 90, 135, 162, 270, 405, 810] 
IRR [1121, 2676] 1555 [1, 5, 311, 1555] 
EGK [1124, 2599] 1475 [1, 5, 25, 59, 295, 1475] 
GKY [1125, 2095] 970 [1, 2, 5, 10, 97, 194, 485, 970] 
GVP [1132, 1502, 1662] 370 [1, 2, 5, 10, 37, 74, 185, 370] 
VPG [1133, 1503, 1663] 370 [1, 2, 5, 10, 37, 74, 185, 370] 
NFJ [1141, 2251] 1110 [1, 2, 3, 5, 6, 10, 15, 30, 37, 74, 111, 185, 222, 370, 555, 1110] 
CEI [1144, 1529, 1569] 385 [1, 5, 7, 11, 35, 55, 77, 385] 
IGZ [1146, 2556] 1410 [1, 2, 3, 5, 6, 10, 15, 30, 47, 94, 141, 235, 282, 470, 705, 1410] 
GZT [1147, 1412, 1512, 2147, 2322, 2557] 265 [1, 5, 53, 265] 
GNJ [1190, 1885] 695 [1, 5, 139, 695] 
GKQ [1193, 1345] 152 [1, 2, 4, 8, 19, 38, 76, 152] 
KQM [1194, 1869] 675 [1, 3, 5, 9, 15, 25, 27, 45, 75, 135, 225, 675] 
QJM [1199, 1794] 595 [1, 5, 7, 17, 35, 85, 119, 595] 
JMF [1200, 1795, 2505] 595 [1, 5, 7, 17, 35, 85, 119, 595] 
DCJ [1208, 1788] 580 [1, 2, 4, 5, 10, 20, 29, 58, 116, 145, 290, 580] 
GZE [1229, 1649] 420 [1, 2, 3, 4, 5, 6, 7, 10, 12, 14, 15, 20, 21, 28, 30, 35, 42, 60, 70, 84, 105, 140, 210, 420] 
ZEX [1230, 1302, 2770] 72 [1, 2, 3, 4, 6, 8, 9, 12, 18, 24, 36, 72] 
XUR [1240, 1745] 505 [1, 5, 101, 505] 
FIC [1247, 1517, 2177, 2877] 270 [1, 2, 3, 5, 6, 9, 10, 15, 18, 27, 30, 45, 54, 90, 135, 270] 
ICI [1248, 1518, 1923] 270 [1, 2, 3, 5, 6, 9, 10, 15, 18, 27, 30, 45, 54, 90, 135, 270] 
UXL [1261, 1946, 2511] 685 [1, 5, 137, 685] 
LRZ [1263, 1381] 118 [1, 2, 59, 118] 
SRZ [1275, 1715] 440 [1, 2, 4, 5, 8, 10, 11, 20, 22, 40, 44, 55, 88, 110, 220, 440] 
IOY [1283, 2603, 2628] 1320 [1, 2, 3, 4, 5, 6, 8, 10, 11, 12, 15, 20, 22, 24, 30, 33, 40, 44, 55, 60, 66, 88, 110, 120, 132, 165, 220, 264, 330, 440, 660, 1320] 
OYD [1284, 2604] 1320 [1, 2, 3, 4, 5, 6, 8, 10, 11, 12, 15, 20, 22, 24, 30, 33, 40, 44, 55, 60, 66, 88, 110, 120, 132, 165, 220, 264, 330, 440, 660, 1320] 
JUK [1287, 2932] 1645 [1, 5, 7, 35, 47, 235, 329, 1645] 
FAQ [1290, 1375] 85 [1, 5, 17, 85] 
BES [1295, 1835, 2150] 540 [1, 2, 3, 4, 5, 6, 9, 10, 12, 15, 18, 20, 27, 30, 36, 45, 54, 60, 90, 108, 135, 180, 270, 540] 
ESD [1296, 2416] 1120 [1, 2, 4, 5, 7, 8, 10, 14, 16, 20, 28, 32, 35, 40, 56, 70, 80, 112, 140, 160, 224, 280, 560, 1120] 
SDG [1297, 2417] 1120 [1, 2, 4, 5, 7, 8, 10, 14, 16, 20, 28, 32, 35, 40, 56, 70, 80, 112, 140, 160, 224, 280, 560, 1120] 
NZE [1301, 1557] 256 [1, 2, 4, 8, 16, 32, 64, 128, 256] 
KJE [1306, 1964] 658 [1, 2, 7, 14, 47, 94, 329, 658] 
IVP [1312, 2467] 1155 [1, 3, 5, 7, 11, 15, 21, 33, 35, 55, 77, 105, 165, 231, 385, 1155] 
MNE [1316, 1871] 555 [1, 3, 5, 15, 37, 111, 185, 555] 
RZE [1321, 1716, 2937] 395 [1, 5, 79, 395] 
EWW [1323, 2228] 905 [1, 5, 181, 905] 
WWO [1324, 1644, 1669] 320 [1, 2, 4, 5, 8, 10, 16, 20, 32, 40, 64, 80, 160, 320] 
VMY [1333, 2443] 1110 [1, 2, 3, 5, 6, 10, 15, 30, 37, 74, 111, 185, 222, 370, 555, 1110] 
MYR [1334, 1539, 1619, 2209] 205 [1, 5, 41, 205] 
FGK [1344, 1879] 535 [1, 5, 107, 535] 
KQR [1346, 2651] 1305 [1, 3, 5, 9, 15, 29, 45, 87, 145, 261, 435, 1305] 
FIF [1352, 2722] 1370 [1, 2, 5, 10, 137, 274, 685, 1370] 
IFG [1353, 2618] 1265 [1, 5, 11, 23, 55, 115, 253, 1265] 
LDG [1363, 1428] 65 [1, 5, 13, 65] 
JPC [1367, 2342, 2532, 2917] 975 [1, 3, 5, 13, 15, 25, 39, 65, 75, 195, 325, 975] 
RMF [1373, 2288] 915 [1, 3, 5, 15, 61, 183, 305, 915] 
MFA [1374, 2289] 915 [1, 3, 5, 15, 61, 183, 305, 915] 
VIC [1378, 1968, 2613] 590 [1, 2, 5, 10, 59, 118, 295, 590] 
JKV [1392, 2277] 885 [1, 3, 5, 15, 59, 177, 295, 885] 
TCV [1414, 2647] 1233 [1, 3, 9, 137, 411, 1233] 
VQR [1418, 2663] 1245 [1, 3, 5, 15, 83, 249, 415, 1245] 
QRU [1419, 2387, 2664] 968 [1, 2, 4, 8, 11, 22, 44, 88, 121, 242, 484, 968] 
RUW [1420, 2665] 1245 [1, 3, 5, 15, 83, 249, 415, 1245] 
RPZ [1436, 2748, 2853, 2948] 1312 [1, 2, 4, 8, 16, 32, 41, 82, 164, 328, 656, 1312] 
APR [1441, 1626] 185 [1, 5, 37, 185] 
PRV [1442, 1882] 440 [1, 2, 4, 5, 8, 10, 11, 20, 22, 40, 44, 55, 88, 110, 220, 440] 
AYK [1449, 2291] 842 [1, 2, 421, 842] 
PRT [1457, 2382] 925 [1, 5, 25, 37, 185, 925] 
RTG [1458, 1768, 1957] 310 [1, 2, 5, 10, 31, 62, 155, 310] 
TGS [1459, 1769, 2624] 310 [1, 2, 5, 10, 31, 62, 155, 310] 
NMC [1462, 2807] 1345 [1, 5, 269, 1345] 
MCP [1463, 2808] 1345 [1, 5, 269, 1345] 
CPD [1464, 2809] 1345 [1, 5, 269, 1345] 
PDN [1465, 2065, 2810] 600 [1, 2, 3, 4, 5, 6, 8, 10, 12, 15, 20, 24, 25, 30, 40, 50, 60, 75, 100, 120, 150, 200, 300, 600] 
MJU [1476, 2931] 1455 [1, 3, 5, 15, 97, 291, 485, 1455] 
UGL [1478, 1703, 1998] 225 [1, 3, 5, 9, 15, 25, 45, 75, 225] 
YKF [1515, 1730, 2110] 215 [1, 5, 43, 215] 
KFI [1516, 1791, 2601] 275 [1, 5, 11, 25, 55, 275] 
MFP [1526, 1796, 2506] 270 [1, 2, 3, 5, 6, 9, 10, 15, 18, 27, 30, 45, 54, 90, 135, 270] 
KZE [1534, 2769] 1235 [1, 5, 13, 19, 65, 95, 247, 1235] 
RNJ [1541, 1621] 80 [1, 2, 4, 5, 8, 10, 16, 20, 40, 80] 
KLA [1544, 2144] 600 [1, 2, 3, 4, 5, 6, 8, 10, 12, 15, 20, 24, 25, 30, 40, 50, 60, 75, 100, 120, 150, 200, 300, 600] 
RRF [1552, 2967] 1415 [1, 5, 283, 1415] 
ZEG [1558, 2938] 1380 [1, 2, 3, 4, 5, 6, 10, 12, 15, 20, 23, 30, 46, 60, 69, 92, 115, 138, 230, 276, 345, 460, 690, 1380] 
EGN [1559, 2939] 1380 [1, 2, 3, 4, 5, 6, 10, 12, 15, 20, 23, 30, 46, 60, 69, 92, 115, 138, 230, 276, 345, 460, 690, 1380] 
EIR [1570, 2935] 1365 [1, 3, 5, 7, 13, 15, 21, 35, 39, 65, 91, 105, 195, 273, 455, 1365] 
RVF [1577, 1657] 80 [1, 2, 4, 5, 8, 10, 16, 20, 40, 80] 
NRZ [1581, 2901] 1320 [1, 2, 3, 4, 5, 6, 8, 10, 11, 12, 15, 20, 22, 24, 30, 33, 40, 44, 55, 60, 66, 88, 110, 120, 132, 165, 220, 264, 330, 440, 660, 1320] 
ZUY [1583, 2903] 1320 [1, 2, 3, 4, 5, 6, 8, 10, 11, 12, 15, 20, 22, 24, 30, 33, 40, 44, 55, 60, 66, 88, 110, 120, 132, 165, 220, 264, 330, 440, 660, 1320] 
BAX [1590, 2080] 490 [1, 2, 5, 7, 10, 14, 35, 49, 70, 98, 245, 490] 
XZP [1592, 1932] 340 [1, 2, 4, 5, 10, 17, 20, 34, 68, 85, 170, 340] 
PGN [1594, 1934] 340 [1, 2, 4, 5, 10, 17, 20, 34, 68, 85, 170, 340] 
GNT [1595, 2940] 1345 [1, 5, 269, 1345] 
FYD [1604, 1639, 2157] 35 [1, 5, 7, 35] 
DNB [1606, 2066] 460 [1, 2, 4, 5, 10, 20, 23, 46, 92, 115, 230, 460] 
NBK [1607, 2482] 875 [1, 5, 7, 25, 35, 125, 175, 875] 
BKJ [1608, 1963] 355 [1, 5, 71, 355] 
KBA [1624, 1874] 250 [1, 2, 5, 10, 25, 50, 125, 250] 
PRR [1627, 2977] 1350 [1, 2, 3, 5, 6, 9, 10, 15, 18, 25, 27, 30, 45, 50, 54, 75, 90, 135, 150, 225, 270, 450, 675, 1350] 
RRG [1628, 2978] 1350 [1, 2, 3, 5, 6, 9, 10, 15, 18, 25, 27, 30, 45, 50, 54, 75, 90, 135, 150, 225, 270, 450, 675, 1350] 
NNE [1631, 1636, 2221, 2831] 5 [1, 5] 
MGZ [1648, 2268] 620 [1, 2, 4, 5, 10, 20, 31, 62, 124, 155, 310, 620] 
GSZ [1665, 1770] 105 [1, 3, 5, 7, 15, 21, 35, 105] 
ZQW [1667, 1772] 105 [1, 3, 5, 7, 15, 21, 35, 105] 
UWZ [1673, 2988] 1315 [1, 5, 263, 1315] 
WZI [1674, 2074, 2989] 400 [1, 2, 4, 5, 8, 10, 16, 20, 25, 40, 50, 80, 100, 200, 400] 
IWD [1676, 2766] 1090 [1, 2, 5, 10, 109, 218, 545, 1090] 
JKF [1682, 1790] 108 [1, 2, 3, 4, 6, 9, 12, 18, 27, 36, 54, 108] 
AEZ [1696, 2491] 795 [1, 3, 5, 15, 53, 159, 265, 795] 
SUG [1702, 1997] 295 [1, 5, 59, 295] 
ZPW [1707, 2568] 861 [1, 3, 7, 21, 41, 123, 287, 861] 
WPU [1709, 2774] 1065 [1, 3, 5, 15, 71, 213, 355, 1065] 
ICC [1724, 1969] 245 [1, 5, 7, 35, 49, 245] 
HYK [1729, 1854] 125 [1, 5, 25, 125] 
KFK [1731, 1831] 100 [1, 2, 4, 5, 10, 20, 25, 50, 100] 
DSN [1739, 2354] 615 [1, 3, 5, 15, 41, 123, 205, 615] 
PMJ [1750, 2205] 455 [1, 5, 7, 13, 35, 65, 91, 455] 
CBI [1764, 2839] 1075 [1, 5, 25, 43, 215, 1075] 
KVY [1803, 2278] 475 [1, 5, 19, 25, 95, 475] 
VYB [1804, 2279] 475 [1, 5, 19, 25, 95, 475] 
IPR [1811, 2976] 1165 [1, 5, 233, 1165] 
KBE [1814, 2004] 190 [1, 2, 5, 10, 19, 38, 95, 190] 
NYC [1824, 2397] 573 [1, 3, 191, 573] 
UKI [1828, 2389] 561 [1, 3, 11, 17, 33, 51, 187, 561] 
NPG [1857, 2402] 545 [1, 5, 109, 545] 
PZI [1864, 2749, 2854, 2949] 885 [1, 3, 5, 15, 59, 177, 295, 885] 
IWB [1866, 2751, 2856] 885 [1, 3, 5, 15, 59, 177, 295, 885] 
WBK [1867, 2752] 885 [1, 3, 5, 15, 59, 177, 295, 885] 
EKB [1873, 1943] 70 [1, 2, 5, 7, 10, 14, 35, 70] 
KPR [1881, 2381] 500 [1, 2, 4, 5, 10, 20, 25, 50, 100, 125, 250, 500] 
QJA [1894, 2284] 390 [1, 2, 3, 5, 6, 10, 13, 15, 26, 30, 39, 65, 78, 130, 195, 390] 
YCK [1898, 2313, 2398] 415 [1, 5, 83, 415] 
CKD [1899, 2399] 500 [1, 2, 4, 5, 10, 20, 25, 50, 100, 125, 250, 500] 
KDN [1900, 2400] 500 [1, 2, 4, 5, 10, 20, 25, 50, 100, 125, 250, 500] 
ODC [1911, 2561] 650 [1, 2, 5, 10, 13, 25, 26, 50, 65, 130, 325, 650] 
RFY [1918, 2528, 2968] 610 [1, 2, 5, 10, 61, 122, 305, 610] 
FYB [1919, 2529] 610 [1, 2, 5, 10, 61, 122, 305, 610] 
YBN [1920, 2280] 360 [1, 2, 3, 4, 5, 6, 8, 9, 10, 12, 15, 18, 20, 24, 30, 36, 40, 45, 60, 72, 90, 120, 180, 360] 
IIA [1925, 2015] 90 [1, 2, 3, 5, 6, 9, 10, 15, 18, 30, 45, 90] 
IAV [1926, 2016, 2476, 2641] 90 [1, 2, 3, 5, 6, 9, 10, 15, 18, 30, 45, 90] 
VTK [1928, 2463] 535 [1, 5, 107, 535] 
KBU [1944, 2509] 565 [1, 5, 113, 565] 
BUX [1945, 2510] 565 [1, 5, 113, 565] 
XLP [1947, 2512] 565 [1, 5, 113, 565] 
PBU [1949, 2514] 565 [1, 5, 113, 565] 
TGK [1958, 2034] 76 [1, 2, 4, 19, 38, 76] 
ECB [1973, 2838] 865 [1, 5, 173, 865] 
PIS [1980, 1995, 2660] 15 [1, 3, 5, 15] 
CBE [1989, 2439] 450 [1, 2, 3, 5, 6, 9, 10, 15, 18, 25, 30, 45, 50, 75, 90, 150, 225, 450] 
CGP [1993, 2133, 2368, 2873] 140 [1, 2, 4, 5, 7, 10, 14, 20, 28, 35, 70, 140] 
MCN [2019, 2719] 700 [1, 2, 4, 5, 7, 10, 14, 20, 25, 28, 35, 50, 70, 100, 140, 175, 350, 700] 
CNI [2020, 2165] 145 [1, 5, 29, 145] 
ZNC [2023, 2428] 405 [1, 3, 5, 9, 15, 27, 45, 81, 135, 405] 
CNL [2030, 2584] 554 [1, 2, 277, 554] 
GKF [2035, 2600] 565 [1, 5, 113, 565] 
NEC [2052, 2832, 2837] 780 [1, 2, 3, 4, 5, 6, 10, 12, 13, 15, 20, 26, 30, 39, 52, 60, 65, 78, 130, 156, 195, 260, 390, 780] 
CIA [2054, 2519] 465 [1, 3, 5, 15, 31, 93, 155, 465] 
GPD [2064, 2369] 305 [1, 5, 61, 305] 
IWR [2076, 2526] 450 [1, 2, 3, 5, 6, 9, 10, 15, 18, 25, 30, 45, 50, 75, 90, 150, 225, 450] 
ARR [2106, 2571] 465 [1, 3, 5, 15, 31, 93, 155, 465] 
PSN [2115, 2815] 700 [1, 2, 4, 5, 7, 10, 14, 20, 25, 28, 35, 50, 70, 100, 140, 175, 350, 700] 
RAU [2125, 2755] 630 [1, 2, 3, 5, 6, 7, 9, 10, 14, 15, 18, 21, 30, 35, 42, 45, 63, 70, 90, 105, 126, 210, 315, 630] 
LFI [2141, 2586] 445 [1, 5, 89, 445] 
FIK [2142, 2587] 445 [1, 5, 89, 445] 
AGZ [2146, 2426] 280 [1, 2, 4, 5, 7, 8, 10, 14, 20, 28, 35, 40, 56, 70, 140, 280] 
SSK [2152, 2657] 505 [1, 5, 101, 505] 
SKP [2153, 2658, 2813] 505 [1, 5, 101, 505] 
JBM [2172, 2207] 35 [1, 5, 7, 35] 
BMY [2173, 2208] 35 [1, 5, 7, 35] 
DFI [2176, 2376] 200 [1, 2, 4, 5, 8, 10, 20, 25, 40, 50, 100, 200] 
UCY [2259, 2693] 434 [1, 2, 7, 14, 31, 62, 217, 434] 
IAY [2305, 2520] 215 [1, 5, 43, 215] 
KEY [2315, 2670] 355 [1, 5, 71, 355] 
NQR [2356, 2791] 435 [1, 3, 5, 15, 29, 87, 145, 435] 
RTJ [2358, 2688] 330 [1, 2, 3, 5, 6, 10, 11, 15, 22, 30, 33, 55, 66, 110, 165, 330] 
TJA [2359, 2689] 330 [1, 2, 3, 5, 6, 10, 11, 15, 22, 30, 33, 55, 66, 110, 165, 330] 
QIQ [2385, 2745] 360 [1, 2, 3, 4, 5, 6, 8, 9, 10, 12, 15, 18, 20, 24, 30, 36, 40, 45, 60, 72, 90, 120, 180, 360] 
IQR [2386, 2746] 360 [1, 2, 3, 4, 5, 6, 8, 9, 10, 12, 15, 18, 20, 24, 30, 36, 40, 45, 60, 72, 90, 120, 180, 360] 
KIX [2390, 2845] 455 [1, 5, 7, 13, 35, 65, 91, 455] 
NJC [2437, 2867] 430 [1, 2, 5, 10, 43, 86, 215, 430] 
WIA [2475, 2564] 89 [1, 89] 
UWK [2501, 2668] 167 [1, 167] 
WKW [2502, 2547] 45 [1, 3, 5, 9, 15, 45] 
KWJ [2503, 2548] 45 [1, 3, 5, 9, 15, 45] 
CWI [2538, 2563, 2764, 2778] 25 [1, 5, 25] 
WJU [2549, 2849] 300 [1, 2, 3, 4, 5, 6, 10, 12, 15, 20, 25, 30, 50, 60, 75, 100, 150, 300] 
CDI [2674, 2759, 2869, 2879] 85 [1, 5, 17, 85] 
DIS [2760, 2880] 120 [1, 2, 3, 4, 5, 6, 8, 10, 12, 15, 20, 24, 30, 40, 60, 120] 
RNY [2803, 2898] 95 [1, 5, 19, 95] 
UWLA [1, 1421] 1420 [1, 2, 4, 5, 10, 20, 71, 142, 284, 355, 710, 1420] 
EQVT [11, 1816] 1805 [1, 5, 19, 95, 361, 1805] 
SSYL [15, 1490] 1475 [1, 5, 25, 59, 295, 1475] 
WFVM [27, 217] 190 [1, 2, 5, 10, 19, 38, 95, 190] 
FVMM [28, 218] 190 [1, 2, 5, 10, 19, 38, 95, 190] 
VMMT [29, 219] 190 [1, 2, 5, 10, 19, 38, 95, 190] 
MMTS [30, 220] 190 [1, 2, 5, 10, 19, 38, 95, 190] 
MTSK [31, 221] 190 [1, 2, 5, 10, 19, 38, 95, 190] 
TSKJ [32, 222] 190 [1, 2, 5, 10, 19, 38, 95, 190] 
GGNZ [40, 1555] 1515 [1, 3, 5, 15, 101, 303, 505, 1515] 
ENYR [63, 2943] 2880 [1, 2, 3, 4, 5, 6, 8, 9, 10, 12, 15, 16, 18, 20, 24, 30, 32, 36, 40, 45, 48, 60, 64, 72, 80, 90, 96, 120, 144, 160, 180, 192, 240, 288, 320, 360, 480, 576, 720, 960, 1440, 2880] 
NYRN [64, 364, 2049, 2804] 300 [1, 2, 3, 4, 5, 6, 10, 12, 15, 20, 25, 30, 50, 60, 75, 100, 150, 300] 
YRNE [65, 2050] 1985 [1, 5, 397, 1985] 
FGYJ [79, 429, 2119] 350 [1, 2, 5, 7, 10, 14, 25, 35, 50, 70, 175, 350] 
NCRN [84, 2024, 2069] 1940 [1, 2, 4, 5, 10, 20, 97, 194, 388, 485, 970, 1940] 
CRNE [85, 2025] 1940 [1, 2, 4, 5, 10, 20, 97, 194, 388, 485, 970, 1940] 
RNEF [86, 2026] 1940 [1, 2, 4, 5, 10, 20, 97, 194, 388, 485, 970, 1940] 
NEFC [87, 2027] 1940 [1, 2, 4, 5, 10, 20, 97, 194, 388, 485, 970, 1940] 
EFCN [88, 2028] 1940 [1, 2, 4, 5, 10, 20, 97, 194, 388, 485, 970, 1940] 
FCNR [89, 1579] 1490 [1, 2, 5, 10, 149, 298, 745, 1490] 
XQPU [98, 2983] 2885 [1, 5, 577, 2885] 
QPUS [99, 2984] 2885 [1, 5, 577, 2885] 
LAMR [103, 1423] 1320 [1, 2, 3, 4, 5, 6, 8, 10, 11, 12, 15, 20, 22, 24, 30, 33, 40, 44, 55, 60, 66, 88, 110, 120, 132, 165, 220, 264, 330, 440, 660, 1320] 
QRTB [107, 632, 2652] 525 [1, 3, 5, 7, 15, 21, 25, 35, 75, 105, 175, 525] 
RTBI [108, 633] 525 [1, 3, 5, 7, 15, 21, 25, 35, 75, 105, 175, 525] 
MLIL [125, 2735] 2610 [1, 2, 3, 5, 6, 9, 10, 15, 18, 29, 30, 45, 58, 87, 90, 145, 174, 261, 290, 435, 522, 870, 1305, 2610] 
LILI [126, 2736] 2610 [1, 2, 3, 5, 6, 9, 10, 15, 18, 29, 30, 45, 58, 87, 90, 145, 174, 261, 290, 435, 522, 870, 1305, 2610] 
ILIS [127, 2737] 2610 [1, 2, 3, 5, 6, 9, 10, 15, 18, 29, 30, 45, 58, 87, 90, 145, 174, 261, 290, 435, 522, 870, 1305, 2610] 
CTRV [140, 915, 1655] 775 [1, 5, 25, 31, 155, 775] 
EGRP [156, 1434] 1278 [1, 2, 3, 6, 9, 18, 71, 142, 213, 426, 639, 1278] 
PCNA [163, 1368, 2918] 1205 [1, 5, 241, 1205] 
CNAH [164, 1369, 2919] 1205 [1, 5, 241, 1205] 
NAHR [165, 1370, 2920] 1205 [1, 5, 241, 1205] 
AHRM [166, 1371] 1205 [1, 5, 241, 1205] 
CZIW [174, 214, 1224] 40 [1, 2, 4, 5, 8, 10, 20, 40] 
KFCO [181, 2036] 1855 [1, 5, 7, 35, 53, 265, 371, 1855] 
FCOG [182, 2037] 1855 [1, 5, 7, 35, 53, 265, 371, 1855] 
GYTI [185, 570, 2910] 385 [1, 5, 7, 11, 35, 55, 77, 385] 
YTIF [186, 571, 2911] 385 [1, 5, 7, 11, 35, 55, 77, 385] 
TIFS [187, 572, 1052, 2912] 385 [1, 5, 7, 11, 35, 55, 77, 385] 
DSSN [194, 2479] 2285 [1, 5, 457, 2285] 
GBFJ [230, 1135] 905 [1, 5, 181, 905] 
DYKY [244, 2679] 2435 [1, 5, 487, 2435] 
YKYZ [245, 2680] 2435 [1, 5, 487, 2435] 
YZIG [247, 512, 527, 1187] 265 [1, 5, 53, 265] 
FIMY [262, 357, 2042] 95 [1, 5, 19, 95] 
YSNE [265, 990, 1600] 725 [1, 5, 25, 29, 145, 725] 
SNEF [266, 1601] 1335 [1, 3, 5, 15, 89, 267, 445, 1335] 
NEFY [267, 1602, 1637] 1335 [1, 3, 5, 15, 89, 267, 445, 1335] 
RASZ [280, 1340] 1060 [1, 2, 4, 5, 10, 20, 53, 106, 212, 265, 530, 1060] 
ASZF [281, 1341] 1060 [1, 2, 4, 5, 10, 20, 53, 106, 212, 265, 530, 1060] 
SZFG [282, 1342] 1060 [1, 2, 4, 5, 10, 20, 53, 106, 212, 265, 530, 1060] 
FGGN [284, 1554] 1270 [1, 2, 5, 10, 127, 254, 635, 1270] 
EIYK [320, 1530] 1210 [1, 2, 5, 10, 11, 22, 55, 110, 121, 242, 605, 1210] 
IYKK [321, 1531] 1210 [1, 2, 5, 10, 11, 22, 55, 110, 121, 242, 605, 1210] 
KITJ [324, 2339] 2015 [1, 5, 13, 31, 65, 155, 403, 2015] 
UMNW [329, 1734, 2099] 1405 [1, 5, 281, 1405] 
MNWR [330, 1735, 2100] 1405 [1, 5, 281, 1405] 
IMYD [358, 2043] 1685 [1, 5, 337, 1685] 
MYDF [359, 2044, 2174, 2374] 1685 [1, 5, 337, 1685] 
YDFJ [360, 2045] 1685 [1, 5, 337, 1685] 
DFJN [361, 2046] 1685 [1, 5, 337, 1685] 
FJNY [362, 2047] 1685 [1, 5, 337, 1685] 
JNYR [363, 2048] 1685 [1, 5, 337, 1685] 
FYNM [369, 2969] 2600 [1, 2, 4, 5, 8, 10, 13, 20, 25, 26, 40, 50, 52, 65, 100, 104, 130, 200, 260, 325, 520, 650, 1300, 2600] 
YNMR [370, 2970] 2600 [1, 2, 4, 5, 8, 10, 13, 20, 25, 26, 40, 50, 52, 65, 100, 104, 130, 200, 260, 325, 520, 650, 1300, 2600] 
NMRO [371, 2971] 2600 [1, 2, 4, 5, 8, 10, 13, 20, 25, 26, 40, 50, 52, 65, 100, 104, 130, 200, 260, 325, 520, 650, 1300, 2600] 
MROB [372, 1497, 2972] 1125 [1, 3, 5, 9, 15, 25, 45, 75, 125, 225, 375, 1125] 
ROBI [373, 1498, 2973] 1125 [1, 3, 5, 9, 15, 25, 45, 75, 125, 225, 375, 1125] 
OBIG [374, 1499] 1125 [1, 3, 5, 9, 15, 25, 45, 75, 125, 225, 375, 1125] 
RUGN [378, 953] 575 [1, 5, 23, 25, 115, 575] 
UGNN [379, 954, 2829] 575 [1, 5, 23, 25, 115, 575] 
ZESZ [390, 1535] 1145 [1, 5, 229, 1145] 
WOWU [400, 1325, 1670] 925 [1, 5, 25, 37, 185, 925] 
OWUW [401, 1326, 1671] 925 [1, 5, 25, 37, 185, 925] 
VIGD [418, 458] 40 [1, 2, 4, 5, 8, 10, 20, 40] 
NPQP [422, 877] 455 [1, 5, 7, 13, 35, 65, 91, 455] 
SZEF [426, 1686] 1260 [1, 2, 3, 4, 5, 6, 7, 9, 10, 12, 14, 15, 18, 20, 21, 28, 30, 35, 36, 42, 45, 60, 63, 70, 84, 90, 105, 126, 140, 180, 210, 252, 315, 420, 630, 1260] 
QPDZ [434, 879] 445 [1, 5, 89, 445] 
IRZD [471, 1571] 1100 [1, 2, 4, 5, 10, 11, 20, 22, 25, 44, 50, 55, 100, 110, 220, 275, 550, 1100] 
FPCL [487, 1797] 1310 [1, 2, 5, 10, 131, 262, 655, 1310] 
LISU [490, 1700] 1210 [1, 2, 5, 10, 11, 22, 55, 110, 121, 242, 605, 1210] 
ISUC [491, 2761, 2881] 2270 [1, 2, 5, 10, 227, 454, 1135, 2270] 
SUCW [492, 2762] 2270 [1, 2, 5, 10, 227, 454, 1135, 2270] 
TYZI [511, 1186] 675 [1, 3, 5, 9, 15, 25, 27, 45, 75, 135, 225, 675] 
ZIGN [513, 1188] 675 [1, 3, 5, 9, 15, 25, 27, 45, 75, 135, 225, 675] 
FXQP [517, 2982] 2465 [1, 5, 17, 29, 85, 145, 493, 2465] 
RNGS [523, 2573] 2050 [1, 2, 5, 10, 25, 41, 50, 82, 205, 410, 1025, 2050] 
GSYZ [525, 605] 80 [1, 2, 4, 5, 8, 10, 16, 20, 40, 80] 
GSNI [530, 2625] 2095 [1, 5, 419, 2095] 
JAWZ [550, 2715] 2165 [1, 5, 433, 2165] 
WZPG [552, 2952] 2400 [1, 2, 3, 4, 5, 6, 8, 10, 12, 15, 16, 20, 24, 25, 30, 32, 40, 48, 50, 60, 75, 80, 96, 100, 120, 150, 160, 200, 240, 300, 400, 480, 600, 800, 1200, 2400] 
VNGY [568, 2993] 2425 [1, 5, 25, 97, 485, 2425] 
AVVC [587, 1182] 595 [1, 5, 7, 17, 35, 85, 119, 595] 
KJDN [599, 1064] 465 [1, 3, 5, 15, 31, 93, 155, 465] 
JDNI [600, 1280] 680 [1, 2, 4, 5, 8, 10, 17, 20, 34, 40, 68, 85, 136, 170, 340, 680] 
DNIO [601, 1281] 680 [1, 2, 4, 5, 8, 10, 17, 20, 34, 40, 68, 85, 136, 170, 340, 680] 
EWYC [611, 2311] 1700 [1, 2, 4, 5, 10, 17, 20, 25, 34, 50, 68, 85, 100, 170, 340, 425, 850, 1700] 
IWCK [621, 2336] 1715 [1, 5, 7, 35, 49, 245, 343, 1715] 
WCKI [622, 2337] 1715 [1, 5, 7, 35, 49, 245, 343, 1715] 
YFGO [626, 986] 360 [1, 2, 3, 4, 5, 6, 8, 9, 10, 12, 15, 18, 20, 24, 30, 36, 40, 45, 60, 72, 90, 120, 180, 360] 
JKOC [652, 962] 310 [1, 2, 5, 10, 31, 62, 155, 310] 
KOCY [653, 963] 310 [1, 2, 5, 10, 31, 62, 155, 310] 
OCYJ [654, 964, 999] 310 [1, 2, 5, 10, 31, 62, 155, 310] 
WVVC [662, 1077] 415 [1, 5, 83, 415] 
DNDF [671, 1066] 395 [1, 5, 79, 395] 
NDFC [672, 922, 1067] 250 [1, 2, 5, 10, 25, 50, 125, 250] 
DFCD [673, 1068] 395 [1, 5, 79, 395] 
FCDN [674, 1069] 395 [1, 5, 79, 395] 
WJDZ [679, 1774] 1095 [1, 3, 5, 15, 73, 219, 365, 1095] 
RPYY [713, 773] 60 [1, 2, 3, 4, 5, 6, 10, 12, 15, 20, 30, 60] 
BASS [725, 2655] 1930 [1, 2, 5, 10, 193, 386, 965, 1930] 
RZUR [737, 1382] 645 [1, 3, 5, 15, 43, 129, 215, 645] 
ZURI [738, 1383] 645 [1, 3, 5, 15, 43, 129, 215, 645] 
BYMF [779, 889] 110 [1, 2, 5, 10, 11, 22, 55, 110] 
YMFE [780, 890] 110 [1, 2, 5, 10, 11, 22, 55, 110] 
BGPE [793, 2298] 1505 [1, 5, 7, 35, 43, 215, 301, 1505] 
GPEX [794, 2299] 1505 [1, 5, 7, 35, 43, 215, 301, 1505] 
GYQV [805, 2995] 2190 [1, 2, 3, 5, 6, 10, 15, 30, 73, 146, 219, 365, 438, 730, 1095, 2190] 
CLBN [814, 2884] 2070 [1, 2, 3, 5, 6, 9, 10, 15, 18, 23, 30, 45, 46, 69, 90, 115, 138, 207, 230, 345, 414, 690, 1035, 2070] 
LBNI [815, 2000, 2885] 1185 [1, 3, 5, 15, 79, 237, 395, 1185] 
BNIU [816, 2256] 1440 [1, 2, 3, 4, 5, 6, 8, 9, 10, 12, 15, 16, 18, 20, 24, 30, 32, 36, 40, 45, 48, 60, 72, 80, 90, 96, 120, 144, 160, 180, 240, 288, 360, 480, 720, 1440] 
QJDZ [839, 849] 10 [1, 2, 5, 10] 
GRUR [860, 2895] 2035 [1, 5, 11, 37, 55, 185, 407, 2035] 
AQUK [866, 2956] 2090 [1, 2, 5, 10, 11, 19, 22, 38, 55, 95, 110, 190, 209, 418, 1045, 2090] 
UKEI [868, 2933] 2065 [1, 5, 7, 35, 59, 295, 413, 2065] 
ZDGL [873, 1573] 700 [1, 2, 4, 5, 7, 10, 14, 20, 25, 28, 35, 50, 70, 100, 140, 175, 350, 700] 
FEKK [892, 1482, 2727] 590 [1, 2, 5, 10, 59, 118, 295, 590] 
EKKD [893, 1483] 590 [1, 2, 5, 10, 59, 118, 295, 590] 
KKDF [894, 1484, 2959] 590 [1, 2, 5, 10, 59, 118, 295, 590] 
NJKL [902, 1542] 640 [1, 2, 4, 5, 8, 10, 16, 20, 32, 40, 64, 80, 128, 160, 320, 640] 
HJDG [926, 931] 5 [1, 5] 
JDGL [927, 932] 5 [1, 5] 
GLBZ [934, 1704] 770 [1, 2, 5, 7, 10, 11, 14, 22, 35, 55, 70, 77, 110, 154, 385, 770] 
JDND [1005, 1065, 1615] 60 [1, 2, 3, 4, 5, 6, 10, 12, 15, 20, 30, 60] 
IZAC [1017, 1047, 2167] 30 [1, 2, 3, 5, 6, 10, 15, 30] 
ZACC [1018, 2168] 1150 [1, 2, 5, 10, 23, 25, 46, 50, 115, 230, 575, 1150] 
ACCJ [1019, 2169] 1150 [1, 2, 5, 10, 23, 25, 46, 50, 115, 230, 575, 1150] 
CCJB [1020, 2170] 1150 [1, 2, 5, 10, 23, 25, 46, 50, 115, 230, 575, 1150] 
CJBK [1021, 1471] 450 [1, 2, 3, 5, 6, 9, 10, 15, 18, 25, 30, 45, 50, 75, 90, 150, 225, 450] 
JBKL [1022, 1472] 450 [1, 2, 3, 5, 6, 9, 10, 15, 18, 25, 30, 45, 50, 75, 90, 150, 225, 450] 
BKLM [1023, 1473] 450 [1, 2, 3, 5, 6, 9, 10, 15, 18, 25, 30, 45, 50, 75, 90, 150, 225, 450] 
CBAR [1039, 1974] 935 [1, 5, 11, 17, 55, 85, 187, 935] 
ZUGN [1043, 2213] 1170 [1, 2, 3, 5, 6, 9, 10, 13, 15, 18, 26, 30, 39, 45, 65, 78, 90, 117, 130, 195, 234, 390, 585, 1170] 
UGNI [1044, 2214] 1170 [1, 2, 3, 5, 6, 9, 10, 13, 15, 18, 26, 30, 39, 45, 65, 78, 90, 117, 130, 195, 234, 390, 585, 1170] 
NIZA [1046, 2166] 1120 [1, 2, 4, 5, 7, 8, 10, 14, 16, 20, 28, 32, 35, 40, 56, 70, 80, 112, 140, 160, 224, 280, 560, 1120] 
VVCT [1078, 1183] 105 [1, 3, 5, 7, 15, 21, 35, 105] 
VCTY [1079, 1184] 105 [1, 3, 5, 7, 15, 21, 35, 105] 
CTYZ [1080, 1185] 105 [1, 3, 5, 7, 15, 21, 35, 105] 
GVPG [1132, 1502, 1662] 370 [1, 2, 5, 10, 37, 74, 185, 370] 
YNFJ [1140, 2250] 1110 [1, 2, 3, 5, 6, 10, 15, 30, 37, 74, 111, 185, 222, 370, 555, 1110] 
IGZT [1146, 2556] 1410 [1, 2, 3, 5, 6, 10, 15, 30, 47, 94, 141, 235, 282, 470, 705, 1410] 
QJMF [1199, 1794] 595 [1, 5, 7, 17, 35, 85, 119, 595] 
FICI [1247, 1517] 270 [1, 2, 3, 5, 6, 9, 10, 15, 18, 27, 30, 45, 54, 90, 135, 270] 
CJDN [1279, 1614] 335 [1, 5, 67, 335] 
NIOY [1282, 2627] 1345 [1, 5, 269, 1345] 
IOYD [1283, 2603] 1320 [1, 2, 3, 4, 5, 6, 8, 10, 11, 12, 15, 20, 22, 24, 30, 33, 40, 44, 55, 60, 66, 88, 110, 120, 132, 165, 220, 264, 330, 440, 660, 1320] 
ESDG [1296, 2416] 1120 [1, 2, 4, 5, 7, 8, 10, 14, 16, 20, 28, 32, 35, 40, 56, 70, 80, 112, 140, 160, 224, 280, 560, 1120] 
ZEWW [1322, 2227] 905 [1, 5, 181, 905] 
WWOW [1324, 1644, 1669] 320 [1, 2, 4, 5, 8, 10, 16, 20, 32, 40, 64, 80, 160, 320] 
KQRT [1346, 2651] 1305 [1, 3, 5, 9, 15, 29, 45, 87, 145, 261, 435, 1305] 
JPCN [1367, 2342, 2917] 975 [1, 3, 5, 13, 15, 25, 39, 65, 75, 195, 325, 975] 
RMFA [1373, 2288] 915 [1, 3, 5, 15, 61, 183, 305, 915] 
VQRU [1418, 2663] 1245 [1, 3, 5, 15, 83, 249, 415, 1245] 
QRUW [1419, 2664] 1245 [1, 3, 5, 15, 83, 249, 415, 1245] 
RTGS [1458, 1768] 310 [1, 2, 5, 10, 31, 62, 155, 310] 
TGSN [1459, 2624] 1165 [1, 5, 233, 1165] 
NMCP [1462, 2807] 1345 [1, 5, 269, 1345] 
MCPD [1463, 2808] 1345 [1, 5, 269, 1345] 
CPDN [1464, 2809] 1345 [1, 5, 269, 1345] 
MFPC [1526, 1796] 270 [1, 2, 3, 5, 6, 9, 10, 15, 18, 27, 30, 45, 54, 90, 135, 270] 
MYRN [1539, 1619] 80 [1, 2, 4, 5, 8, 10, 16, 20, 40, 80] 
YRNJ [1540, 1620] 80 [1, 2, 4, 5, 8, 10, 16, 20, 40, 80] 
RNJK [1541, 1621] 80 [1, 2, 4, 5, 8, 10, 16, 20, 40, 80] 
ZEGN [1558, 2938] 1380 [1, 2, 3, 4, 5, 6, 10, 12, 15, 20, 23, 30, 46, 60, 69, 92, 115, 138, 230, 276, 345, 460, 690, 1380] 
EIRZ [1570, 2935] 1365 [1, 3, 5, 7, 13, 15, 21, 35, 39, 65, 91, 105, 195, 273, 455, 1365] 
RVFC [1577, 1657] 80 [1, 2, 4, 5, 8, 10, 16, 20, 40, 80] 
VFCN [1578, 1658] 80 [1, 2, 4, 5, 8, 10, 16, 20, 40, 80] 
NRZU [1581, 2901] 1320 [1, 2, 3, 4, 5, 6, 8, 10, 11, 12, 15, 20, 22, 24, 30, 33, 40, 44, 55, 60, 66, 88, 110, 120, 132, 165, 220, 264, 330, 440, 660, 1320] 
RZUY [1582, 2902] 1320 [1, 2, 3, 4, 5, 6, 8, 10, 11, 12, 15, 20, 22, 24, 30, 33, 40, 44, 55, 60, 66, 88, 110, 120, 132, 165, 220, 264, 330, 440, 660, 1320] 
XZPG [1592, 1932] 340 [1, 2, 4, 5, 10, 17, 20, 34, 68, 85, 170, 340] 
ZPGN [1593, 1933] 340 [1, 2, 4, 5, 10, 17, 20, 34, 68, 85, 170, 340] 
EFYD [1603, 1638, 2156] 35 [1, 5, 7, 35] 
PRRG [1627, 2977] 1350 [1, 2, 3, 5, 6, 9, 10, 15, 18, 25, 27, 30, 45, 50, 54, 75, 90, 135, 150, 225, 270, 450, 675, 1350] 
GNNE [1630, 2220, 2830] 590 [1, 2, 5, 10, 59, 118, 295, 590] 
GSZQ [1665, 1770] 105 [1, 3, 5, 7, 15, 21, 35, 105] 
SZQW [1666, 1771] 105 [1, 3, 5, 7, 15, 21, 35, 105] 
UWZI [1673, 2988] 1315 [1, 5, 263, 1315] 
WZIW [1674, 2074, 2989] 400 [1, 2, 4, 5, 8, 10, 16, 20, 25, 40, 50, 80, 100, 200, 400] 
ISUG [1701, 1996] 295 [1, 5, 59, 295] 
SUGL [1702, 1997] 295 [1, 5, 59, 295] 
UGLB [1703, 1998] 295 [1, 5, 59, 295] 
JMFP [1795, 2505] 710 [1, 2, 5, 10, 71, 142, 355, 710] 
KVYB [1803, 2278] 475 [1, 5, 19, 25, 95, 475] 
PZIW [1864, 2749, 2854, 2949] 885 [1, 3, 5, 15, 59, 177, 295, 885] 
ZIWB [1865, 2750, 2855] 885 [1, 3, 5, 15, 59, 177, 295, 885] 
IWBK [1866, 2751] 885 [1, 3, 5, 15, 59, 177, 295, 885] 
NEKB [1872, 1942] 70 [1, 2, 5, 7, 10, 14, 35, 70] 
YCKD [1898, 2398] 500 [1, 2, 4, 5, 10, 20, 25, 50, 100, 125, 250, 500] 
CKDN [1899, 2399] 500 [1, 2, 4, 5, 10, 20, 25, 50, 100, 125, 250, 500] 
RFYB [1918, 2528] 610 [1, 2, 5, 10, 61, 122, 305, 610] 
IIAV [1925, 2015] 90 [1, 2, 3, 5, 6, 9, 10, 15, 18, 30, 45, 90] 
IAVT [1926, 2641] 715 [1, 5, 11, 13, 55, 65, 143, 715] 
AVTK [1927, 2462] 535 [1, 5, 107, 535] 
VTKE [1928, 2463] 535 [1, 5, 107, 535] 
KBUX [1944, 2509] 565 [1, 5, 113, 565] 
BUXL [1945, 2510] 565 [1, 5, 113, 565] 
UXLP [1946, 2511] 565 [1, 5, 113, 565] 
XLPB [1947, 2512] 565 [1, 5, 113, 565] 
LPBU [1948, 2513] 565 [1, 5, 113, 565] 
PBUR [1949, 2514] 565 [1, 5, 113, 565] 
PISV [1980, 2660] 680 [1, 2, 4, 5, 8, 10, 17, 20, 34, 40, 68, 85, 136, 170, 340, 680] 
CGPI [1993, 2133] 140 [1, 2, 4, 5, 7, 10, 14, 20, 28, 35, 70, 140] 
CNIZ [2020, 2165] 145 [1, 5, 29, 145] 
KRAU [2124, 2754] 630 [1, 2, 3, 5, 6, 7, 9, 10, 14, 15, 18, 21, 30, 35, 42, 45, 63, 70, 90, 105, 126, 210, 315, 630] 
LFIK [2141, 2586] 445 [1, 5, 89, 445] 
SSKP [2152, 2657] 505 [1, 5, 101, 505] 
JBMY [2172, 2207] 35 [1, 5, 7, 35] 
YDFI [2175, 2375] 200 [1, 2, 4, 5, 8, 10, 20, 25, 40, 50, 100, 200] 
RTJA [2358, 2688] 330 [1, 2, 3, 5, 6, 10, 11, 15, 22, 30, 33, 55, 66, 110, 165, 330] 
QIQR [2385, 2745] 360 [1, 2, 3, 4, 5, 6, 8, 9, 10, 12, 15, 18, 20, 24, 30, 36, 40, 45, 60, 72, 90, 120, 180, 360] 
WKWJ [2502, 2547] 45 [1, 3, 5, 9, 15, 45] 
ICDI [2673, 2758, 2878] 85 [1, 5, 17, 85] 
RPZI [2748, 2853, 2948] 105 [1, 3, 5, 7, 15, 21, 35, 105] 
CDIS [2759, 2879] 120 [1, 2, 3, 4, 5, 6, 8, 10, 12, 15, 20, 24, 30, 40, 60, 120] 
DISU [2760, 2880] 120 [1, 2, 3, 4, 5, 6, 8, 10, 12, 15, 20, 24, 30, 40, 60, 120] 
WFVMM [27, 217] 190 [1, 2, 5, 10, 19, 38, 95, 190] 
FVMMT [28, 218] 190 [1, 2, 5, 10, 19, 38, 95, 190] 
VMMTS [29, 219] 190 [1, 2, 5, 10, 19, 38, 95, 190] 
MMTSK [30, 220] 190 [1, 2, 5, 10, 19, 38, 95, 190] 
MTSKJ [31, 221] 190 [1, 2, 5, 10, 19, 38, 95, 190] 
NYRNE [64, 2049] 1985 [1, 5, 397, 1985] 
NCRNE [84, 2024] 1940 [1, 2, 4, 5, 10, 20, 97, 194, 388, 485, 970, 1940] 
CRNEF [85, 2025] 1940 [1, 2, 4, 5, 10, 20, 97, 194, 388, 485, 970, 1940] 
RNEFC [86, 2026] 1940 [1, 2, 4, 5, 10, 20, 97, 194, 388, 485, 970, 1940] 
NEFCN [87, 2027] 1940 [1, 2, 4, 5, 10, 20, 97, 194, 388, 485, 970, 1940] 
XQPUS [98, 2983] 2885 [1, 5, 577, 2885] 
QRTBI [107, 632] 525 [1, 3, 5, 7, 15, 21, 25, 35, 75, 105, 175, 525] 
MLILI [125, 2735] 2610 [1, 2, 3, 5, 6, 9, 10, 15, 18, 29, 30, 45, 58, 87, 90, 145, 174, 261, 290, 435, 522, 870, 1305, 2610] 
LILIS [126, 2736] 2610 [1, 2, 3, 5, 6, 9, 10, 15, 18, 29, 30, 45, 58, 87, 90, 145, 174, 261, 290, 435, 522, 870, 1305, 2610] 
PCNAH [163, 1368, 2918] 1205 [1, 5, 241, 1205] 
CNAHR [164, 1369, 2919] 1205 [1, 5, 241, 1205] 
NAHRM [165, 1370] 1205 [1, 5, 241, 1205] 
KFCOG [181, 2036] 1855 [1, 5, 7, 35, 53, 265, 371, 1855] 
GYTIF [185, 570, 2910] 385 [1, 5, 7, 11, 35, 55, 77, 385] 
YTIFS [186, 571, 2911] 385 [1, 5, 7, 11, 35, 55, 77, 385] 
DYKYZ [244, 2679] 2435 [1, 5, 487, 2435] 
YSNEF [265, 1600] 1335 [1, 3, 5, 15, 89, 267, 445, 1335] 
SNEFY [266, 1601] 1335 [1, 3, 5, 15, 89, 267, 445, 1335] 
RASZF [280, 1340] 1060 [1, 2, 4, 5, 10, 20, 53, 106, 212, 265, 530, 1060] 
ASZFG [281, 1341] 1060 [1, 2, 4, 5, 10, 20, 53, 106, 212, 265, 530, 1060] 
EIYKK [320, 1530] 1210 [1, 2, 5, 10, 11, 22, 55, 110, 121, 242, 605, 1210] 
UMNWR [329, 1734, 2099] 1405 [1, 5, 281, 1405] 
FIMYD [357, 2042] 1685 [1, 5, 337, 1685] 
IMYDF [358, 2043] 1685 [1, 5, 337, 1685] 
MYDFJ [359, 2044] 1685 [1, 5, 337, 1685] 
YDFJN [360, 2045] 1685 [1, 5, 337, 1685] 
DFJNY [361, 2046] 1685 [1, 5, 337, 1685] 
FJNYR [362, 2047] 1685 [1, 5, 337, 1685] 
JNYRN [363, 2048] 1685 [1, 5, 337, 1685] 
FYNMR [369, 2969] 2600 [1, 2, 4, 5, 8, 10, 13, 20, 25, 26, 40, 50, 52, 65, 100, 104, 130, 200, 260, 325, 520, 650, 1300, 2600] 
YNMRO [370, 2970] 2600 [1, 2, 4, 5, 8, 10, 13, 20, 25, 26, 40, 50, 52, 65, 100, 104, 130, 200, 260, 325, 520, 650, 1300, 2600] 
NMROB [371, 2971] 2600 [1, 2, 4, 5, 8, 10, 13, 20, 25, 26, 40, 50, 52, 65, 100, 104, 130, 200, 260, 325, 520, 650, 1300, 2600] 
MROBI [372, 1497, 2972] 1125 [1, 3, 5, 9, 15, 25, 45, 75, 125, 225, 375, 1125] 
ROBIG [373, 1498] 1125 [1, 3, 5, 9, 15, 25, 45, 75, 125, 225, 375, 1125] 
RUGNN [378, 953] 575 [1, 5, 23, 25, 115, 575] 
WOWUW [400, 1325, 1670] 925 [1, 5, 25, 37, 185, 925] 
ISUCW [491, 2761] 2270 [1, 2, 5, 10, 227, 454, 1135, 2270] 
TYZIG [511, 1186] 675 [1, 3, 5, 9, 15, 25, 27, 45, 75, 135, 225, 675] 
YZIGN [512, 1187] 675 [1, 3, 5, 9, 15, 25, 27, 45, 75, 135, 225, 675] 
JDNIO [600, 1280] 680 [1, 2, 4, 5, 8, 10, 17, 20, 34, 40, 68, 85, 136, 170, 340, 680] 
IWCKI [621, 2336] 1715 [1, 5, 7, 35, 49, 245, 343, 1715] 
JKOCY [652, 962] 310 [1, 2, 5, 10, 31, 62, 155, 310] 
KOCYJ [653, 963] 310 [1, 2, 5, 10, 31, 62, 155, 310] 
DNDFC [671, 1066] 395 [1, 5, 79, 395] 
NDFCD [672, 1067] 395 [1, 5, 79, 395] 
DFCDN [673, 1068] 395 [1, 5, 79, 395] 
RZURI [737, 1382] 645 [1, 3, 5, 15, 43, 129, 215, 645] 
BYMFE [779, 889] 110 [1, 2, 5, 10, 11, 22, 55, 110] 
BGPEX [793, 2298] 1505 [1, 5, 7, 35, 43, 215, 301, 1505] 
CLBNI [814, 2884] 2070 [1, 2, 3, 5, 6, 9, 10, 15, 18, 23, 30, 45, 46, 69, 90, 115, 138, 207, 230, 345, 414, 690, 1035, 2070] 
FEKKD [892, 1482] 590 [1, 2, 5, 10, 59, 118, 295, 590] 
EKKDF [893, 1483] 590 [1, 2, 5, 10, 59, 118, 295, 590] 
HJDGL [926, 931] 5 [1, 5] 
IZACC [1017, 2167] 1150 [1, 2, 5, 10, 23, 25, 46, 50, 115, 230, 575, 1150] 
ZACCJ [1018, 2168] 1150 [1, 2, 5, 10, 23, 25, 46, 50, 115, 230, 575, 1150] 
ACCJB [1019, 2169] 1150 [1, 2, 5, 10, 23, 25, 46, 50, 115, 230, 575, 1150] 
CJBKL [1021, 1471] 450 [1, 2, 3, 5, 6, 9, 10, 15, 18, 25, 30, 45, 50, 75, 90, 150, 225, 450] 
JBKLM [1022, 1472] 450 [1, 2, 3, 5, 6, 9, 10, 15, 18, 25, 30, 45, 50, 75, 90, 150, 225, 450] 
ZUGNI [1043, 2213] 1170 [1, 2, 3, 5, 6, 9, 10, 13, 15, 18, 26, 30, 39, 45, 65, 78, 90, 117, 130, 195, 234, 390, 585, 1170] 
NIZAC [1046, 2166] 1120 [1, 2, 4, 5, 7, 8, 10, 14, 16, 20, 28, 32, 35, 40, 56, 70, 80, 112, 140, 160, 224, 280, 560, 1120] 
VVCTY [1078, 1183] 105 [1, 3, 5, 7, 15, 21, 35, 105] 
VCTYZ [1079, 1184] 105 [1, 3, 5, 7, 15, 21, 35, 105] 
WWOWU [1324, 1669] 345 [1, 3, 5, 15, 23, 69, 115, 345] 
JPCNA [1367, 2917] 1550 [1, 2, 5, 10, 25, 31, 50, 62, 155, 310, 775, 1550] 
VQRUW [1418, 2663] 1245 [1, 3, 5, 15, 83, 249, 415, 1245] 
NMCPD [1462, 2807] 1345 [1, 5, 269, 1345] 
MCPDN [1463, 2808] 1345 [1, 5, 269, 1345] 
MYRNJ [1539, 1619] 80 [1, 2, 4, 5, 8, 10, 16, 20, 40, 80] 
YRNJK [1540, 1620] 80 [1, 2, 4, 5, 8, 10, 16, 20, 40, 80] 
RVFCN [1577, 1657] 80 [1, 2, 4, 5, 8, 10, 16, 20, 40, 80] 
NRZUY [1581, 2901] 1320 [1, 2, 3, 4, 5, 6, 8, 10, 11, 12, 15, 20, 22, 24, 30, 33, 40, 44, 55, 60, 66, 88, 110, 120, 132, 165, 220, 264, 330, 440, 660, 1320] 
XZPGN [1592, 1932] 340 [1, 2, 4, 5, 10, 17, 20, 34, 68, 85, 170, 340] 
NEFYD [1602, 1637] 35 [1, 5, 7, 35] 
GSZQW [1665, 1770] 105 [1, 3, 5, 7, 15, 21, 35, 105] 
UWZIW [1673, 2988] 1315 [1, 5, 263, 1315] 
ISUGL [1701, 1996] 295 [1, 5, 59, 295] 
SUGLB [1702, 1997] 295 [1, 5, 59, 295] 
PZIWB [1864, 2749, 2854] 885 [1, 3, 5, 15, 59, 177, 295, 885] 
ZIWBK [1865, 2750] 885 [1, 3, 5, 15, 59, 177, 295, 885] 
YCKDN [1898, 2398] 500 [1, 2, 4, 5, 10, 20, 25, 50, 100, 125, 250, 500] 
AVTKE [1927, 2462] 535 [1, 5, 107, 535] 
KBUXL [1944, 2509] 565 [1, 5, 113, 565] 
BUXLP [1945, 2510] 565 [1, 5, 113, 565] 
UXLPB [1946, 2511] 565 [1, 5, 113, 565] 
XLPBU [1947, 2512] 565 [1, 5, 113, 565] 
LPBUR [1948, 2513] 565 [1, 5, 113, 565] 
MYDFI [2174, 2374] 200 [1, 2, 4, 5, 8, 10, 20, 25, 40, 50, 100, 200] 
RPZIW [2748, 2853, 2948] 105 [1, 3, 5, 7, 15, 21, 35, 105] 
ICDIS [2758, 2878] 120 [1, 2, 3, 4, 5, 6, 8, 10, 12, 15, 20, 24, 30, 40, 60, 120] 
CDISU [2759, 2879] 120 [1, 2, 3, 4, 5, 6, 8, 10, 12, 15, 20, 24, 30, 40, 60, 120] 
DISUC [2760, 2880] 120 [1, 2, 3, 4, 5, 6, 8, 10, 12, 15, 20, 24, 30, 40, 60, 120] 
WFVMMT [27, 217] 190 [1, 2, 5, 10, 19, 38, 95, 190] 
FVMMTS [28, 218] 190 [1, 2, 5, 10, 19, 38, 95, 190] 
VMMTSK [29, 219] 190 [1, 2, 5, 10, 19, 38, 95, 190] 
MMTSKJ [30, 220] 190 [1, 2, 5, 10, 19, 38, 95, 190] 
NCRNEF [84, 2024] 1940 [1, 2, 4, 5, 10, 20, 97, 194, 388, 485, 970, 1940] 
CRNEFC [85, 2025] 1940 [1, 2, 4, 5, 10, 20, 97, 194, 388, 485, 970, 1940] 
RNEFCN [86, 2026] 1940 [1, 2, 4, 5, 10, 20, 97, 194, 388, 485, 970, 1940] 
MLILIS [125, 2735] 2610 [1, 2, 3, 5, 6, 9, 10, 15, 18, 29, 30, 45, 58, 87, 90, 145, 174, 261, 290, 435, 522, 870, 1305, 2610] 
PCNAHR [163, 1368, 2918] 1205 [1, 5, 241, 1205] 
CNAHRM [164, 1369] 1205 [1, 5, 241, 1205] 
GYTIFS [185, 570, 2910] 385 [1, 5, 7, 11, 35, 55, 77, 385] 
YSNEFY [265, 1600] 1335 [1, 3, 5, 15, 89, 267, 445, 1335] 
RASZFG [280, 1340] 1060 [1, 2, 4, 5, 10, 20, 53, 106, 212, 265, 530, 1060] 
FIMYDF [357, 2042] 1685 [1, 5, 337, 1685] 
IMYDFJ [358, 2043] 1685 [1, 5, 337, 1685] 
MYDFJN [359, 2044] 1685 [1, 5, 337, 1685] 
YDFJNY [360, 2045] 1685 [1, 5, 337, 1685] 
DFJNYR [361, 2046] 1685 [1, 5, 337, 1685] 
FJNYRN [362, 2047] 1685 [1, 5, 337, 1685] 
FYNMRO [369, 2969] 2600 [1, 2, 4, 5, 8, 10, 13, 20, 25, 26, 40, 50, 52, 65, 100, 104, 130, 200, 260, 325, 520, 650, 1300, 2600] 
YNMROB [370, 2970] 2600 [1, 2, 4, 5, 8, 10, 13, 20, 25, 26, 40, 50, 52, 65, 100, 104, 130, 200, 260, 325, 520, 650, 1300, 2600] 
NMROBI [371, 2971] 2600 [1, 2, 4, 5, 8, 10, 13, 20, 25, 26, 40, 50, 52, 65, 100, 104, 130, 200, 260, 325, 520, 650, 1300, 2600] 
MROBIG [372, 1497] 1125 [1, 3, 5, 9, 15, 25, 45, 75, 125, 225, 375, 1125] 
TYZIGN [511, 1186] 675 [1, 3, 5, 9, 15, 25, 27, 45, 75, 135, 225, 675] 
JKOCYJ [652, 962] 310 [1, 2, 5, 10, 31, 62, 155, 310] 
DNDFCD [671, 1066] 395 [1, 5, 79, 395] 
NDFCDN [672, 1067] 395 [1, 5, 79, 395] 
FEKKDF [892, 1482] 590 [1, 2, 5, 10, 59, 118, 295, 590] 
IZACCJ [1017, 2167] 1150 [1, 2, 5, 10, 23, 25, 46, 50, 115, 230, 575, 1150] 
ZACCJB [1018, 2168] 1150 [1, 2, 5, 10, 23, 25, 46, 50, 115, 230, 575, 1150] 
CJBKLM [1021, 1471] 450 [1, 2, 3, 5, 6, 9, 10, 15, 18, 25, 30, 45, 50, 75, 90, 150, 225, 450] 
VVCTYZ [1078, 1183] 105 [1, 3, 5, 7, 15, 21, 35, 105] 
WWOWUW [1324, 1669] 345 [1, 3, 5, 15, 23, 69, 115, 345] 
JPCNAH [1367, 2917] 1550 [1, 2, 5, 10, 25, 31, 50, 62, 155, 310, 775, 1550] 
NMCPDN [1462, 2807] 1345 [1, 5, 269, 1345] 
MYRNJK [1539, 1619] 80 [1, 2, 4, 5, 8, 10, 16, 20, 40, 80] 
ISUGLB [1701, 1996] 295 [1, 5, 59, 295] 
PZIWBK [1864, 2749] 885 [1, 3, 5, 15, 59, 177, 295, 885] 
KBUXLP [1944, 2509] 565 [1, 5, 113, 565] 
BUXLPB [1945, 2510] 565 [1, 5, 113, 565] 
UXLPBU [1946, 2511] 565 [1, 5, 113, 565] 
XLPBUR [1947, 2512] 565 [1, 5, 113, 565] 
RPZIWB [2748, 2853] 105 [1, 3, 5, 7, 15, 21, 35, 105] 
ICDISU [2758, 2878] 120 [1, 2, 3, 4, 5, 6, 8, 10, 12, 15, 20, 24, 30, 40, 60, 120] 
CDISUC [2759, 2879] 120 [1, 2, 3, 4, 5, 6, 8, 10, 12, 15, 20, 24, 30, 40, 60, 120] 
WFVMMTS [27, 217] 190 [1, 2, 5, 10, 19, 38, 95, 190] 
FVMMTSK [28, 218] 190 [1, 2, 5, 10, 19, 38, 95, 190] 
VMMTSKJ [29, 219] 190 [1, 2, 5, 10, 19, 38, 95, 190] 
NCRNEFC [84, 2024] 1940 [1, 2, 4, 5, 10, 20, 97, 194, 388, 485, 970, 1940] 
CRNEFCN [85, 2025] 1940 [1, 2, 4, 5, 10, 20, 97, 194, 388, 485, 970, 1940] 
PCNAHRM [163, 1368] 1205 [1, 5, 241, 1205] 
FIMYDFJ [357, 2042] 1685 [1, 5, 337, 1685] 
IMYDFJN [358, 2043] 1685 [1, 5, 337, 1685] 
MYDFJNY [359, 2044] 1685 [1, 5, 337, 1685] 
YDFJNYR [360, 2045] 1685 [1, 5, 337, 1685] 
DFJNYRN [361, 2046] 1685 [1, 5, 337, 1685] 
FYNMROB [369, 2969] 2600 [1, 2, 4, 5, 8, 10, 13, 20, 25, 26, 40, 50, 52, 65, 100, 104, 130, 200, 260, 325, 520, 650, 1300, 2600] 
YNMROBI [370, 2970] 2600 [1, 2, 4, 5, 8, 10, 13, 20, 25, 26, 40, 50, 52, 65, 100, 104, 130, 200, 260, 325, 520, 650, 1300, 2600] 
DNDFCDN [671, 1066] 395 [1, 5, 79, 395] 
IZACCJB [1017, 2167] 1150 [1, 2, 5, 10, 23, 25, 46, 50, 115, 230, 575, 1150] 
JPCNAHR [1367, 2917] 1550 [1, 2, 5, 10, 25, 31, 50, 62, 155, 310, 775, 1550] 
KBUXLPB [1944, 2509] 565 [1, 5, 113, 565] 
BUXLPBU [1945, 2510] 565 [1, 5, 113, 565] 
UXLPBUR [1946, 2511] 565 [1, 5, 113, 565] 
ICDISUC [2758, 2878] 120 [1, 2, 3, 4, 5, 6, 8, 10, 12, 15, 20, 24, 30, 40, 60, 120] 
WFVMMTSK [27, 217] 190 [1, 2, 5, 10, 19, 38, 95, 190] 
FVMMTSKJ [28, 218] 190 [1, 2, 5, 10, 19, 38, 95, 190] 
NCRNEFCN [84, 2024] 1940 [1, 2, 4, 5, 10, 20, 97, 194, 388, 485, 970, 1940] 
FIMYDFJN [357, 2042] 1685 [1, 5, 337, 1685] 
IMYDFJNY [358, 2043] 1685 [1, 5, 337, 1685] 
MYDFJNYR [359, 2044] 1685 [1, 5, 337, 1685] 
YDFJNYRN [360, 2045] 1685 [1, 5, 337, 1685] 
FYNMROBI [369, 2969] 2600 [1, 2, 4, 5, 8, 10, 13, 20, 25, 26, 40, 50, 52, 65, 100, 104, 130, 200, 260, 325, 520, 650, 1300, 2600] 
KBUXLPBU [1944, 2509] 565 [1, 5, 113, 565] 
BUXLPBUR [1945, 2510] 565 [1, 5, 113, 565] 
WFVMMTSKJ [27, 217] 190 [1, 2, 5, 10, 19, 38, 95, 190] 
FIMYDFJNY [357, 2042] 1685 [1, 5, 337, 1685] 
IMYDFJNYR [358, 2043] 1685 [1, 5, 337, 1685] 
MYDFJNYRN [359, 2044] 1685 [1, 5, 337, 1685] 
KBUXLPBUR [1944, 2509] 565 [1, 5, 113, 565] 
FIMYDFJNYR [357, 2042] 1685 [1, 5, 337, 1685] 
IMYDFJNYRN [358, 2043] 1685 [1, 5, 337, 1685] 
FIMYDFJNYRN [357, 2042] 1685 [1, 5, 337, 1685] 
