[1, 2, 4, 5, 10, 20, 71, 142, 284, 355, 710, 1420]
[1, 5, 19, 95, 361, 1805]
[1, 5, 25, 59, 295, 1475]
[1, 2, 3, 5, 6, 9, 10, 15, 18, 30, 45, 90]
[1, 2, 5, 10, 19, 38, 95, 190]
[1, 2, 5, 10, 19, 38, 95, 190]
[1, 2, 5, 10, 19, 38, 95, 190]
[1, 2, 5, 10, 19, 38, 95, 190]
[1, 2, 4, 5, 10, 17, 20, 34, 68, 85, 170, 340]
[1, 3, 5, 15, 101, 303, 505, 1515]
[1, 5, 113, 565]
[1, 5, 101, 505]
[1, 419]
[1, 2, 4, 5, 8, 10, 20, 25, 40, 50, 100, 200]
[1, 2, 1319, 2638]
[1, 2, 4, 5, 7, 8, 10, 14, 20, 28, 35, 40, 56, 70, 140, 280]
[1, 2, 4, 5, 10, 20, 97, 194, 388, 485, 970, 1940]
[1, 2, 3, 5, 6, 9, 10, 15, 18, 25, 30, 45, 50, 75, 90, 150, 225, 450]
[1, 5, 79, 395]
[1, 2, 5, 10, 25, 50]
[1, 5, 25, 53, 265, 1325]
[1, 3, 947, 2841]
[1, 2, 3, 5, 6, 9, 10, 13, 15, 18, 26, 30, 39, 45, 65, 78, 90, 117, 130, 195, 234, 390, 585, 1170]
[1, 5, 7, 13, 25, 35, 65, 91, 175, 325, 455, 2275]
[1, 3, 5, 15, 163, 489, 815, 2445]
[1, 2, 3, 6, 113, 226, 339, 678]
[1, 809]
[1, 1117]
[1, 2, 5, 10, 163, 326, 815, 1630]
[1, 2, 3, 5, 6, 9, 10, 15, 18, 29, 30, 45, 58, 87, 90, 145, 174, 261, 290, 435, 522, 870, 1305, 2610]
[1, 2, 3, 5, 6, 9, 10, 15, 18, 29, 30, 45, 58, 87, 90, 145, 174, 261, 290, 435, 522, 870, 1305, 2610]
[1, 2, 4, 5, 10, 13, 20, 25, 26, 50, 52, 65, 100, 130, 260, 325, 650, 1300]
[1, 5, 31, 155]
[1, 2, 5, 10, 25, 47, 50, 94, 235, 470, 1175, 2350]
[1, 2, 4, 5, 10, 20, 103, 206, 412, 515, 1030, 2060]
[1, 2, 5, 10, 229, 458, 1145, 2290]
[1, 2, 4, 5, 8, 10, 16, 20, 29, 40, 58, 80, 116, 145, 232, 290, 464, 580, 1160, 2320]
[1, 1979]
[1, 5, 191, 955]
[1, 5, 269, 1345]
[1, 2, 4, 5, 10, 11, 20, 22, 44, 55, 110, 220]
[1, 3, 173, 519]
[1, 5, 13, 31, 65, 155, 403, 2015]
[1, 5, 13, 25, 65, 325]
[1, 5, 13, 25, 65, 325]
[1, 19, 73, 1387]
[1, 5, 241, 1205]
[1, 5, 241, 1205]
[1, 5, 241, 1205]
[1, 5, 241, 1205]
[1, 5, 241, 1205]
[1, 2, 4, 5, 8, 10, 20, 40, 53, 106, 212, 265, 424, 530, 1060, 2120]
[1, 2, 3, 5, 6, 10, 15, 30, 53, 106, 159, 265, 318, 530, 795, 1590]
[1, 2, 4, 5, 8, 10, 13, 20, 25, 26, 40, 50, 52, 65, 100, 104, 130, 200, 260, 325, 520, 650, 1300, 2600]
[1, 2, 3, 5, 6, 7, 10, 14, 15, 21, 25, 30, 35, 42, 50, 70, 75, 105, 150, 175, 210, 350, 525, 1050]
[1, 2, 3, 5, 6, 7, 10, 14, 15, 21, 25, 30, 35, 42, 50, 70, 75, 105, 150, 175, 210, 350, 525, 1050]
[1, 2, 4, 5, 10, 11, 20, 22, 44, 55, 110, 121, 220, 242, 484, 605, 1210, 2420]
[1, 5, 7, 35, 53, 265, 371, 1855]
[1, 5, 7, 11, 35, 55, 77, 385]
[1, 5, 7, 11, 35, 55, 77, 385]
[1, 5, 7, 11, 35, 55, 77, 385]
[1, 3, 5, 15, 23, 69, 115, 345]
[1, 3, 5, 15, 23, 69, 115, 345]
[1, 5, 11, 23, 55, 115, 253, 1265]
[1, 2, 5, 10, 139, 278, 695, 1390]
[1, 2, 3, 6, 79, 158, 237, 474]
[1, 5, 25, 37, 185, 925]
[1, 2, 4, 7, 14, 28, 49, 98, 196]
[1, 5, 13, 17, 65, 85, 221, 1105]
[1, 2, 3, 5, 6, 10, 15, 30, 67, 134, 201, 335, 402, 670, 1005, 2010]
[1, 5, 17, 25, 85, 425]
[1, 5, 23, 115, 529, 2645]
[1, 5, 439, 2195]
[1, 2, 4, 8, 11, 22, 31, 44, 62, 88, 124, 248, 341, 682, 1364, 2728]
[1, 5, 181, 905]
[1, 2, 5, 10, 41, 82, 205, 410]
[1, 2, 31, 43, 62, 86, 1333, 2666]
[1, 2, 3, 4, 6, 8, 9, 12, 16, 18, 24, 36, 48, 72, 144]
[1, 5, 53, 265]
[1, 5, 53, 265]
[1, 2, 5, 10, 53, 106, 265, 530]
[1, 2, 5, 10, 163, 326, 815, 1630]
[1, 3, 5, 15, 181, 543, 905, 2715]
[1, 3, 5, 15, 127, 381, 635, 1905]
[1, 3, 5, 15, 127, 381, 635, 1905]
[1, 2, 4, 5, 10, 20, 89, 178, 356, 445, 890, 1780]
[1, 2, 4, 5, 10, 20, 89, 178, 356, 445, 890, 1780]
[1, 3, 5, 15, 89, 267, 445, 1335]
[1, 3, 5, 15, 89, 267, 445, 1335]
[1, 3, 59, 177]
[1, 2, 4, 5, 8, 10, 16, 20, 40, 80]
[1, 5, 317, 1585]
[1, 5, 317, 1585]
[1, 2, 4, 5, 8, 10, 20, 40, 59, 118, 236, 295, 472, 590, 1180, 2360]
[1, 1619]
[1, 1699]
[1, 2, 4, 5, 10, 20, 53, 106, 212, 265, 530, 1060]
[1, 2, 4, 5, 10, 20, 53, 106, 212, 265, 530, 1060]
[1, 2, 4, 5, 10, 20, 53, 106, 212, 265, 530, 1060]
[1, 2, 5, 10, 11, 22, 55, 110]
[1, 2, 4]
[1, 5, 127, 635]
[1, 1171]
[1, 7, 37, 49, 259, 1813]
[1, 2, 4, 5, 8, 10, 16, 20, 32, 40, 80, 160]
[1, 2, 5, 10, 25, 50]
[1, 2, 41, 82]
[1, 5, 7, 11, 25, 35, 55, 77, 175, 275, 385, 1925]
[1, 2, 3, 5, 6, 10, 15, 30, 41, 82, 123, 205, 246, 410, 615, 1230]
[1, 5, 25, 125, 625]
[1, 3, 5, 15, 103, 309, 515, 1545]
[1, 2, 5, 10, 11, 22, 55, 110, 121, 242, 605, 1210]
[1, 2, 5, 10, 11, 22, 55, 110, 121, 242, 605, 1210]
[1, 2, 5, 10, 11, 22, 55, 110, 121, 242, 605, 1210]
[1, 2, 4, 167, 334, 668]
[1, 3, 5, 9, 15, 29, 45, 87, 145, 261, 435, 1305]
[1, 7, 107, 749]
[1, 5, 11, 55]
[1, 2, 3, 4, 5, 6, 8, 10, 12, 15, 16, 20, 24, 25, 30, 40, 48, 50, 60, 75, 80, 100, 120, 150, 200, 240, 300, 400, 600, 1200]
[1, 2, 3, 5, 6, 7, 10, 14, 15, 21, 30, 35, 42, 70, 105, 210]
[1, 5, 11, 43, 55, 215, 473, 2365]
[1, 5, 337, 1685]
[1, 5, 337, 1685]
[1, 5, 337, 1685]
[1, 2, 3, 4, 5, 6, 10, 12, 13, 15, 20, 26, 30, 39, 52, 60, 65, 78, 130, 156, 195, 260, 390, 780]
[1, 5, 337, 1685]
[1, 2, 4, 5, 8, 10, 13, 20, 25, 26, 40, 50, 52, 65, 100, 104, 130, 200, 260, 325, 520, 650, 1300, 2600]
[1, 2, 4, 5, 8, 10, 13, 20, 25, 26, 40, 50, 52, 65, 100, 104, 130, 200, 260, 325, 520, 650, 1300, 2600]
[1, 2, 4, 5, 8, 10, 13, 20, 25, 26, 40, 50, 52, 65, 100, 104, 130, 200, 260, 325, 520, 650, 1300, 2600]
[1, 5, 25, 103, 515, 2575]
[1, 2, 3, 5, 6, 10, 15, 30, 67, 134, 201, 335, 402, 670, 1005, 2010]
[1, 2, 5, 10, 25, 50, 125, 250, 625, 1250]
[1, 3, 317, 951]
[1, 2, 3, 4, 6, 12, 139, 278, 417, 556, 834, 1668]
[1, 5, 503, 2515]
[1, 2, 4, 5, 8, 10, 16, 20, 25, 32, 40, 50, 64, 80, 100, 160, 200, 320, 400, 800, 1600]
[1, 5, 229, 1145]
[1, 2, 4, 8, 16, 97, 194, 388, 776, 1552]
[1, 2, 5, 7, 10, 14, 17, 34, 35, 70, 85, 119, 170, 238, 595, 1190]
[1, 3, 5, 15, 83, 249, 415, 1245]
[1, 5, 25, 37, 185, 925]
[1, 5, 25, 37, 185, 925]
[1, 2, 3, 4, 5, 6, 8, 10, 12, 15, 16, 20, 24, 30, 32, 40, 48, 60, 64, 80, 96, 120, 128, 160, 192, 240, 320, 384, 480, 640, 960, 1920]
[1, 2, 17, 31, 34, 62, 527, 1054]
[1, 2, 17, 31, 34, 62, 527, 1054]
[1, 3, 9, 27, 53, 159, 477, 1431]
[1, 5, 7, 13, 35, 65, 91, 455]
[1, 5, 7, 13, 35, 65, 91, 455]
[1, 2, 3, 4, 5, 6, 7, 9, 10, 12, 14, 15, 18, 20, 21, 28, 30, 35, 36, 42, 45, 60, 63, 70, 84, 90, 105, 126, 140, 180, 210, 252, 315, 420, 630, 1260]
[1, 3, 5, 15, 97, 291, 485, 1455]
[1, 5, 89, 445]
[1, 5, 89, 445]
[1, 2, 653, 1306]
[1, 2, 5, 10, 103, 206, 515, 1030]
[1, 3, 5, 11, 15, 25, 33, 55, 75, 165, 275, 825]
[1, 3, 11, 33, 47, 141, 517, 1551]
[1, 5, 7, 35, 43, 215, 301, 1505]
[1, 2, 7, 11, 14, 22, 77, 154]
[1, 2, 4, 5, 10, 11, 20, 22, 25, 44, 50, 55, 100, 110, 220, 275, 550, 1100]
[1, 2, 5, 10, 25, 47, 50, 94, 235, 470, 1175, 2350]
[1, 3, 5, 11, 15, 25, 33, 55, 75, 165, 275, 825]
[1, 5, 131, 655]
[1, 2, 5, 10, 137, 274, 685, 1370]
[1, 5, 383, 1915]
[1, 2, 5, 10, 227, 454, 1135, 2270]
[1, 2, 5, 10, 11, 22, 55, 110, 121, 242, 605, 1210]
[1, 2, 521, 1042]
[1, 2, 967, 1934]
[1, 3, 5, 9, 15, 25, 27, 45, 75, 135, 225, 675]
[1, 5, 179, 895]
[1, 5, 317, 1585]
[1, 5, 17, 29, 85, 145, 493, 2465]
[1, 5, 17, 29, 85, 145, 493, 2465]
[1, 2, 4, 5, 8, 10, 16, 20, 40, 80]
[1, 2, 4, 5, 8, 10, 13, 20, 26, 40, 52, 65, 104, 130, 260, 520]
[1, 5, 17, 25, 85, 425]
[1, 2, 3, 4, 5, 6, 10, 12, 15, 20, 23, 30, 46, 60, 69, 92, 115, 138, 230, 276, 345, 460, 690, 1380]
[1, 5, 7, 35, 43, 215, 301, 1505]
[1, 2, 5, 7, 10, 14, 35, 49, 70, 98, 245, 490]
[1, 11, 17, 187]
[1, 3, 587, 1761]
[1, 2, 3, 4, 5, 6, 9, 10, 12, 15, 18, 20, 27, 30, 36, 45, 54, 60, 81, 90, 108, 135, 162, 180, 270, 324, 405, 540, 810, 1620]
[1, 13, 61, 793]
[1, 2, 599, 1198]
[1, 2, 3, 6, 7, 13, 14, 21, 26, 39, 42, 78, 91, 182, 273, 546]
[1, 2, 5, 10, 199, 398, 995, 1990]
[1, 3, 5, 15, 103, 309, 515, 1545]
[1, 2, 4, 5, 8, 10, 17, 20, 34, 40, 68, 85, 136, 170, 340, 680]
[1, 2, 4, 5, 8, 10, 17, 20, 34, 40, 68, 85, 136, 170, 340, 680]
[1, 2, 4, 5, 8, 10, 17, 20, 34, 40, 68, 85, 136, 170, 340, 680]
[1, 2, 3, 5, 6, 10, 13, 15, 26, 30, 39, 65, 78, 130, 195, 390]
[1, 2, 3, 5, 6, 10, 13, 15, 26, 30, 39, 65, 78, 130, 195, 390]
[1, 2, 313, 626]
[1, 2, 5, 10, 47, 94, 235, 470]
[1, 2, 3, 4, 5, 6, 8, 9, 10, 12, 15, 18, 20, 24, 30, 36, 40, 45, 60, 72, 90, 120, 180, 360]
[1, 3, 9, 73, 219, 657]
[1, 2, 5, 10, 17, 34, 85, 170]
[1, 2, 5, 10, 17, 34, 85, 170]
[1, 5, 11, 13, 55, 65, 143, 715]
[1, 2, 521, 1042]
[1, 2, 5, 7, 10, 14, 17, 34, 35, 70, 85, 119, 170, 238, 595, 1190]
[1, 2, 3, 4, 5, 6, 9, 10, 12, 15, 18, 20, 25, 30, 36, 45, 50, 60, 75, 90, 100, 150, 180, 225, 300, 450, 900]
[1, 2, 4, 5, 10, 20, 89, 178, 356, 445, 890, 1780]
[1, 2, 5, 10, 31, 62, 155, 310]
[1, 2, 5, 10, 31, 62, 155, 310]
[1, 2, 5, 10]
[1, 2, 4, 5, 10, 13, 20, 26, 52, 65, 130, 260]
[1, 2, 5, 10, 101, 202, 505, 1010]
[1, 5, 79, 395]
[1, 7, 17, 119]
[1, 2, 3, 6, 179, 358, 537, 1074]
[1, 5, 13, 25, 65, 325]
[1, 3, 5, 15, 53, 159, 265, 795]
[1, 3, 5, 9, 15, 31, 45, 93, 155, 279, 465, 1395]
[1, 5, 7, 35, 53, 265, 371, 1855]
[1, 5, 7, 35, 53, 265, 371, 1855]
[1, 1777]
[1, 2, 5, 10, 173, 346, 865, 1730]
[1, 2, 3, 5, 6, 10, 15, 19, 30, 38, 57, 95, 114, 190, 285, 570]
[1, 3, 5, 15, 19, 25, 57, 75, 95, 285, 475, 1425]
[1, 2, 5, 10, 193, 386, 965, 1930]
[1, 3, 5, 13, 15, 25, 39, 65, 75, 195, 325, 975]
[1, 2, 4, 5, 8, 10, 20, 37, 40, 74, 148, 185, 296, 370, 740, 1480]
[1, 3, 5, 7, 9, 15, 21, 35, 45, 63, 105, 315]
[1, 2, 643, 1286]
[1, 1249]
[1, 2, 151, 302]
[1, 2, 3, 5, 6, 10, 15, 19, 30, 38, 57, 95, 114, 190, 285, 570]
[1, 2, 5, 10, 11, 22, 55, 110]
[1, 2, 4, 5, 7, 10, 14, 20, 28, 35, 70, 140]
[1, 5]
[1, 3, 5, 13, 15, 39, 65, 195]
[1, 2, 3, 4, 6, 9, 12, 18, 36, 59, 118, 177, 236, 354, 531, 708, 1062, 2124]
[1, 2, 4, 8, 16, 131, 262, 524, 1048, 2096]
[1, 3, 5, 15, 29, 87, 145, 435]
[1, 2, 3, 4, 5, 6, 8, 9, 10, 12, 15, 16, 18, 20, 24, 30, 32, 36, 40, 45, 48, 60, 72, 80, 90, 96, 120, 144, 160, 180, 240, 288, 360, 480, 720, 1440]
[1, 2, 3, 4, 5, 6, 8, 9, 10, 12, 15, 16, 18, 20, 24, 30, 32, 36, 40, 45, 48, 60, 72, 80, 90, 96, 120, 144, 160, 180, 240, 288, 360, 480, 720, 1440]
[1, 3, 5, 15, 79, 237, 395, 1185]
[1, 2, 4, 5, 10, 20, 53, 106, 212, 265, 530, 1060]
[1, 5, 7, 17, 35, 85, 119, 595]
[1, 5, 89, 445]
[1, 5, 25, 73, 365, 1825]
[1, 2, 4, 5, 8, 10, 16, 20, 25, 32, 40, 50, 80, 100, 160, 200, 400, 800]
[1, 2, 7, 14, 83, 166, 581, 1162]
[1, 2, 11, 22, 97, 194, 1067, 2134]
[1, 5, 11, 37, 55, 185, 407, 2035]
[1, 2, 3, 4, 6, 9, 12, 18, 36, 53, 106, 159, 212, 318, 477, 636, 954, 1908]
[1, 2, 13, 26, 41, 82, 533, 1066]
[1, 5, 11, 37, 55, 185, 407, 2035]
[1, 2, 5, 10, 179, 358, 895, 1790]
[1, 2, 3, 4, 6, 7, 12, 13, 14, 21, 26, 28, 39, 42, 52, 78, 84, 91, 156, 182, 273, 364, 546, 1092]
[1, 937]
[1, 2, 4, 5, 7, 10, 14, 20, 25, 28, 35, 50, 70, 100, 140, 175, 350, 700]
[1, 3, 19, 31, 57, 93, 589, 1767]
[1, 2, 5, 10, 31, 62, 155, 310]
[1, 5, 11, 17, 55, 85, 187, 935]
[1, 2, 5, 10, 71, 142, 355, 710]
[1, 2, 4, 5, 10, 19, 20, 25, 38, 50, 76, 95, 100, 190, 380, 475, 950, 1900]
[1, 5, 113, 565]
[1, 2, 4, 5, 10, 11, 20, 22, 25, 44, 50, 55, 100, 110, 220, 275, 550, 1100]
[1, 5, 25, 125]
[1, 5, 149, 745]
[1, 5]
[1, 5]
[1, 2, 5, 7, 10, 11, 14, 22, 35, 55, 70, 77, 110, 154, 385, 770]
[1, 2, 5, 7, 10, 11, 14, 22, 35, 55, 70, 77, 110, 154, 385, 770]
[1, 3, 613, 1839]
[1, 3, 73, 219]
[1, 2, 5, 10, 43, 86, 215, 430]
[1, 1709]
[1, 5, 25, 125]
[1, 2, 7, 13, 14, 26, 91, 182]
[1, 2, 3, 5, 6, 7, 10, 14, 15, 21, 25, 30, 35, 42, 50, 70, 75, 105, 150, 175, 210, 350, 525, 1050]
[1, 2, 17, 29, 34, 58, 493, 986]
[1, 2, 3, 4, 5, 6, 10, 12, 15, 20, 30, 60]
[1, 2, 5, 10, 23, 25, 46, 50, 115, 230, 575, 1150]
[1, 3, 5, 15, 67, 201, 335, 1005]
[1, 2, 5, 10, 23, 25, 46, 50, 115, 230, 575, 1150]
[1, 2, 3, 5, 6, 9, 10, 15, 18, 25, 30, 45, 50, 75, 90, 150, 225, 450]
[1, 13, 17, 221]
[1, 2, 4, 5, 7, 10, 14, 20, 25, 28, 35, 50, 70, 100, 140, 175, 350, 700]
[1, 2, 3, 6, 151, 302, 453, 906]
[1, 13, 67, 871]
[1, 859]
[1, 2, 5, 10, 11, 22, 25, 50, 55, 110, 275, 550]
[1, 5, 103, 515]
[1, 2, 3, 6, 11, 22, 33, 66]
[1, 2, 3, 6, 11, 22, 33, 66]
[1, 2, 5, 10, 167, 334, 835, 1670]
[1, 2, 5, 10, 167, 334, 835, 1670]
[1, 2, 5, 10, 167, 334, 835, 1670]
[1, 5, 127, 635]
[1, 2, 3, 4, 5, 6, 10, 12, 15, 20, 30, 31, 60, 62, 93, 124, 155, 186, 310, 372, 465, 620, 930, 1860]
[1, 5, 19, 95]
[1, 5, 307, 1535]
[1, 2, 4, 8, 16, 41, 82, 164, 328, 656]
[1, 3, 5, 7, 15, 21, 35, 105]
[1, 2, 4, 5, 10, 20, 47, 94, 188, 235, 470, 940]
[1, 2, 4, 5, 8, 10, 11, 20, 22, 40, 44, 55, 88, 110, 220, 440]
[1, 199]
[1, 199]
[1, 5, 13, 23, 65, 115, 299, 1495]
[1, 3, 5, 11, 15, 33, 55, 121, 165, 363, 605, 1815]
[1, 3, 7, 9, 13, 21, 39, 63, 91, 117, 273, 819]
[1, 3, 11, 13, 33, 39, 143, 429]
[1, 2, 3, 5, 6, 10, 15, 30, 47, 94, 141, 235, 282, 470, 705, 1410]
[1, 41, 43, 1763]
[1, 2, 5, 10]
[1, 2, 5, 10, 25, 50, 125, 250, 625, 1250]
[1, 2, 5, 10, 25, 50, 125, 250, 625, 1250]
[1, 2, 4, 5, 8, 10, 16, 20, 32, 40, 64, 80, 128, 160, 320, 640]
[1, 3, 5, 15, 53, 159, 265, 795]
[1, 2, 5, 10, 25, 31, 50, 62, 155, 310, 775, 1550]
[1, 2, 4, 13, 23, 26, 46, 52, 92, 299, 598, 1196]
[1, 3, 17, 51]
[1, 3, 5, 9, 15, 29, 45, 87, 145, 261, 435, 1305]
[1, 5, 149, 745]
[1, 2, 4, 5, 8, 10, 20, 23, 40, 46, 92, 115, 184, 230, 460, 920]
[1, 2, 3, 6, 157, 314, 471, 942]
[1, 2, 4, 8, 89, 178, 356, 712]
[1, 2, 4, 5, 7, 10, 11, 14, 20, 22, 28, 35, 44, 55, 70, 77, 110, 140, 154, 220, 308, 385, 770, 1540]
[1, 2, 4, 5, 7, 10, 11, 14, 20, 22, 28, 35, 44, 55, 70, 77, 110, 140, 154, 220, 308, 385, 770, 1540]
[1, 2, 3, 4, 5, 6, 8, 10, 12, 13, 15, 20, 24, 26, 30, 39, 40, 52, 60, 65, 78, 104, 120, 130, 156, 195, 260, 312, 390, 520, 780, 1560]
[1, 2, 3, 5, 6, 10, 15, 30, 53, 106, 159, 265, 318, 530, 795, 1590]
[1, 2, 3, 5, 6, 10, 15, 30, 53, 106, 159, 265, 318, 530, 795, 1590]
[1, 2, 5, 10, 19, 25, 38, 50, 95, 190, 475, 950]
[1, 2, 383, 766]
[1, 5, 139, 695]
[1, 2, 3, 4, 5, 6, 9, 10, 12, 15, 18, 20, 27, 30, 36, 45, 54, 60, 90, 108, 135, 180, 270, 540]
[1, 2, 3, 6, 71, 142, 213, 426]
[1, 311]
[1, 5, 181, 905]
[1, 5, 181, 905]
[1, 139]
[1, 3, 5, 7, 9, 15, 21, 27, 35, 45, 63, 105, 135, 189, 315, 945]
[1, 3, 5, 9, 15, 29, 45, 87, 145, 261, 435, 1305]
[1, 3, 5, 11, 15, 33, 55, 165]
[1, 2, 3, 4, 5, 6, 8, 9, 10, 12, 15, 16, 18, 20, 24, 30, 36, 40, 45, 48, 60, 72, 80, 90, 120, 144, 180, 240, 360, 720]
[1, 2, 4, 5, 8, 10, 20, 25, 40, 50, 100, 200]
[1, 2, 4, 5, 8, 10, 20, 25, 40, 50, 100, 200]
[1, 2, 4, 347, 694, 1388]
[1, 3, 7, 21, 53, 159, 371, 1113]
[1, 2, 5, 10, 25, 50]
[1, 2, 19, 23, 38, 46, 437, 874]
[1, 5, 7, 23, 35, 115, 161, 805]
[1, 2, 4, 5, 10, 20, 25, 50, 100]
[1, 2, 4, 5, 10, 20, 25, 50, 100]
[1, 5, 17, 25, 85, 425]
[1, 5, 223, 1115]
[1, 5, 223, 1115]
[1, 5, 269, 1345]
[1, 5, 11, 25, 55, 275]
[1, 2, 5, 10, 25, 29, 50, 58, 145, 290, 725, 1450]
[1, 2, 4, 8, 16, 89, 178, 356, 712, 1424]
[1, 2, 5, 10, 53, 106, 265, 530]
[1, 5, 7, 17, 35, 85, 119, 595]
[1, 5, 223, 1115]
[1, 2, 3, 5, 6, 9, 10, 15, 18, 27, 30, 45, 54, 90, 135, 270]
[1, 2, 4, 5, 8, 10, 16, 20, 40, 80]
[1, 5, 25]
[1, 809]
[1, 2, 3, 4, 5, 6, 9, 10, 12, 15, 18, 20, 27, 30, 36, 45, 54, 60, 90, 108, 135, 180, 270, 540]
[1, 3, 5, 7, 13, 15, 21, 35, 39, 65, 91, 105, 195, 273, 455, 1365]
[1, 2, 3, 4, 5, 6, 8, 10, 11, 12, 15, 20, 22, 24, 30, 33, 40, 44, 55, 60, 66, 88, 110, 120, 132, 165, 220, 264, 330, 440, 660, 1320]
[1, 2, 4, 211, 422, 844]
[1, 2, 3, 6]
[1, 5, 139, 695]
[1, 2, 5, 7, 10, 11, 14, 22, 35, 55, 70, 77, 110, 154, 385, 770]
[1, 2, 607, 1214]
[1, 2, 3, 5, 6, 9, 10, 15, 18, 25, 27, 30, 45, 50, 54, 75, 90, 135, 150, 225, 270, 450, 675, 1350]
[1, 5, 107, 535]
[1, 811]
[1, 2, 4, 7, 13, 14, 26, 28, 52, 91, 182, 364]
[1, 1283]
[1, 5, 137, 685]
[1, 2, 3, 5, 6, 9, 10, 13, 15, 18, 26, 30, 39, 45, 65, 78, 90, 117, 130, 195, 234, 390, 585, 1170]
[1, 3, 5, 7, 15, 21, 35, 105]
[1, 3, 5, 7, 15, 21, 35, 105]
[1, 3, 5, 7, 15, 21, 35, 105]
[1, 19, 53, 1007]
[1, 2, 3, 5, 6, 10, 15, 30]
[1, 2, 3, 5, 6, 10, 15, 30]
[1, 2, 5, 10, 25, 50]
[1, 2, 3, 5, 6, 10, 15, 25, 30, 50, 75, 125, 150, 250, 375, 750]
[1, 5, 59, 295]
[1, 2, 4, 233, 466, 932]
[1, 2, 3, 4, 6, 7, 8, 9, 12, 14, 16, 18, 21, 24, 28, 36, 42, 48, 56, 63, 72, 84, 112, 126, 144, 168, 252, 336, 504, 1008]
[1, 2, 3, 4, 6, 7, 8, 9, 12, 14, 16, 18, 21, 24, 28, 36, 42, 48, 56, 63, 72, 84, 112, 126, 144, 168, 252, 336, 504, 1008]
[1, 467]
[1, 3, 5, 15, 73, 219, 365, 1095]
[1, 3, 199, 597]
[1, 2, 4, 53, 106, 212]
[1, 2, 5, 10, 71, 142, 355, 710]
[1, 2, 307, 614]
[1, 2, 347, 694]
[1, 757]
[1, 3, 5, 15, 19, 57, 95, 285]
[1, 2, 5, 10, 47, 94, 235, 470]
[1, 3, 5, 15, 59, 177, 295, 885]
[1, 3, 9, 27, 81]
[1, 5, 71, 355]
[1, 2, 3, 6, 43, 86, 129, 258]
[1, 2, 19, 23, 38, 46, 437, 874]
[1, 2, 113, 226]
[1, 3, 7, 19, 21, 57, 133, 399]
[1, 3, 193, 579]
[1, 3, 9, 47, 141, 423]
[1, 5, 11, 13, 55, 65, 143, 715]
[1, 2, 3, 4, 5, 6, 10, 12, 15, 20, 30, 60]
[1, 3, 5, 9, 15, 27, 45, 135]
[1, 5, 113, 565]
[1, 3, 5, 9, 11, 15, 33, 45, 55, 99, 165, 495]
[1, 3, 9, 29, 87, 261]
[1, 3, 5, 15]
[1, 5, 31, 155]
[1, 2, 4, 5, 8, 10, 17, 20, 34, 40, 68, 85, 136, 170, 340, 680]
[1, 2, 3, 6, 7, 13, 14, 21, 26, 39, 42, 78, 91, 182, 273, 546]
[1, 5, 181, 905]
[1, 2, 3, 5, 6, 9, 10, 11, 15, 18, 22, 30, 33, 45, 55, 66, 90, 99, 110, 165, 198, 330, 495, 990]
[1, 2, 3, 4, 6, 8, 12, 24]
[1, 5, 13, 25, 65, 325]
[1, 2, 4, 5, 7, 8, 10, 14, 16, 20, 28, 35, 40, 56, 70, 80, 112, 140, 280, 560]
[1, 2, 4, 5, 7, 10, 14, 20, 28, 35, 70, 140]
[1, 5, 7, 13, 35, 65, 91, 455]
[1, 5, 149, 745]
[1, 2, 5, 10, 61, 122, 305, 610]
[1, 2, 4, 5, 10, 17, 20, 34, 68, 85, 170, 340]
[1, 3, 181, 543]
[1, 5, 101, 505]
[1, 2, 3, 6, 37, 74, 111, 222]
[1, 7, 19, 133]
[1, 5, 25, 29, 145, 725]
[1, 3, 5, 11, 15, 33, 55, 165]
[1, 2, 4, 5, 8, 10, 17, 20, 34, 40, 68, 85, 136, 170, 340, 680]
[1, 2, 3, 6, 9, 13, 18, 26, 39, 78, 117, 234]
[1, 2, 5, 10, 43, 86, 215, 430]
[1, 2, 5, 10, 43, 86, 215, 430]
[1, 5, 47, 235]
[1, 5, 47, 235]
[1, 7, 71, 497]
[1, 5, 107, 535]
[1, 5, 59, 295]
[1, 5, 59, 295]
[1, 5, 59, 295]
[1, 2, 4, 17, 34, 68]
[1, 2, 3, 4, 5, 6, 8, 9, 10, 12, 15, 18, 20, 24, 30, 36, 40, 45, 60, 72, 90, 120, 180, 360]
[1, 2, 3, 4, 5, 6, 8, 9, 10, 12, 15, 18, 20, 24, 30, 36, 40, 45, 60, 72, 90, 120, 180, 360]
[1, 2, 3, 4, 5, 6, 8, 9, 10, 12, 15, 18, 20, 24, 30, 36, 40, 45, 60, 72, 90, 120, 180, 360]
[1, 2, 5, 10, 47, 94, 235, 470]
[1, 3, 5, 11, 15, 33, 55, 165]
[1, 2, 3, 4, 5, 6, 10, 12, 15, 20, 25, 30, 50, 60, 75, 100, 150, 300]
[1, 2, 7, 14, 17, 34, 119, 238]
[1, 2, 3, 4, 5, 6, 8, 10, 12, 15, 16, 20, 24, 30, 40, 48, 60, 80, 120, 240]
[1, 2, 3, 4, 5, 6, 8, 10, 12, 15, 20, 24, 30, 40, 60, 120]
[1, 2, 3, 4, 5, 6, 8, 10, 12, 15, 20, 24, 30, 40, 60, 120]
[1, 2, 5, 10, 19, 38, 95, 190]
[1, 2, 5, 10, 19, 38, 95, 190]
[1, 2, 5, 10, 19, 38, 95, 190]
[1, 2, 4, 5, 10, 20, 97, 194, 388, 485, 970, 1940]
[1, 2, 4, 5, 10, 20, 97, 194, 388, 485, 970, 1940]
[1, 2, 4, 5, 10, 20, 97, 194, 388, 485, 970, 1940]
[1, 2, 3, 5, 6, 9, 10, 15, 18, 29, 30, 45, 58, 87, 90, 145, 174, 261, 290, 435, 522, 870, 1305, 2610]
[1, 2, 3, 5, 6, 9, 10, 15, 18, 29, 30, 45, 58, 87, 90, 145, 174, 261, 290, 435, 522, 870, 1305, 2610]
[1, 5, 13, 31, 65, 155, 403, 2015]
[1, 5, 13, 25, 65, 325]
[1, 5, 241, 1205]
[1, 5, 241, 1205]
[1, 5, 241, 1205]
[1, 5, 241, 1205]
[1, 2, 3, 5, 6, 7, 10, 14, 15, 21, 25, 30, 35, 42, 50, 70, 75, 105, 150, 175, 210, 350, 525, 1050]
[1, 2, 4, 5, 10, 11, 20, 22, 44, 55, 110, 121, 220, 242, 484, 605, 1210, 2420]
[1, 5, 7, 11, 35, 55, 77, 385]
[1, 5, 7, 11, 35, 55, 77, 385]
[1, 3, 5, 15, 23, 69, 115, 345]
[1, 5, 53, 265]
[1, 3, 5, 15, 127, 381, 635, 1905]
[1, 2, 4, 5, 10, 20, 89, 178, 356, 445, 890, 1780]
[1, 3, 5, 15, 89, 267, 445, 1335]
[1, 3, 5, 15, 89, 267, 445, 1335]
[1, 3, 5, 15, 89, 267, 445, 1335]
[1, 3, 5, 15, 89, 267, 445, 1335]
[1, 5, 317, 1585]
[1, 2, 4, 5, 8, 10, 20, 40, 59, 118, 236, 295, 472, 590, 1180, 2360]
[1, 2, 4, 5, 10, 20, 53, 106, 212, 265, 530, 1060]
[1, 2, 4, 5, 10, 20, 53, 106, 212, 265, 530, 1060]
[1, 2, 5, 10, 11, 22, 55, 110]
[1, 2, 5, 10, 11, 22, 55, 110, 121, 242, 605, 1210]
[1, 2, 5, 10, 11, 22, 55, 110, 121, 242, 605, 1210]
[1, 2, 3, 4, 5, 6, 8, 10, 12, 15, 16, 20, 24, 25, 30, 40, 48, 50, 60, 75, 80, 100, 120, 150, 200, 240, 300, 400, 600, 1200]
[1, 5, 337, 1685]
[1, 5, 337, 1685]
[1, 5, 337, 1685]
[1, 5, 337, 1685]
[1, 2, 4, 5, 8, 10, 13, 20, 25, 26, 40, 50, 52, 65, 100, 104, 130, 200, 260, 325, 520, 650, 1300, 2600]
[1, 2, 4, 5, 8, 10, 13, 20, 25, 26, 40, 50, 52, 65, 100, 104, 130, 200, 260, 325, 520, 650, 1300, 2600]
[1, 2, 4, 5, 8, 10, 13, 20, 25, 26, 40, 50, 52, 65, 100, 104, 130, 200, 260, 325, 520, 650, 1300, 2600]
[1, 5, 503, 2515]
[1, 5, 25, 37, 185, 925]
[1, 5, 25, 37, 185, 925]
[1, 2, 17, 31, 34, 62, 527, 1054]
[1, 5, 7, 13, 35, 65, 91, 455]
[1, 5, 89, 445]
[1, 7, 239, 1673]
[1, 3, 5, 11, 15, 25, 33, 55, 75, 165, 275, 825]
[1, 5, 131, 655]
[1, 5, 17, 29, 85, 145, 493, 2465]
[1, 2, 5, 10, 199, 398, 995, 1990]
[1, 2, 4, 5, 8, 10, 17, 20, 34, 40, 68, 85, 136, 170, 340, 680]
[1, 2, 4, 5, 8, 10, 17, 20, 34, 40, 68, 85, 136, 170, 340, 680]
[1, 2, 3, 5, 6, 10, 13, 15, 26, 30, 39, 65, 78, 130, 195, 390]
[1, 2, 5, 10, 17, 34, 85, 170]
[1, 5, 11, 13, 55, 65, 143, 715]
[1, 2, 5, 10, 31, 62, 155, 310]
[1, 2, 5, 10, 31, 62, 155, 310]
[1, 2, 4, 5, 10, 13, 20, 26, 52, 65, 130, 260]
[1, 5, 7, 35, 53, 265, 371, 1855]
[1, 2, 5, 10, 193, 386, 965, 1930]
[1, 2, 3, 4, 5, 6, 8, 9, 10, 12, 15, 16, 18, 20, 24, 30, 32, 36, 40, 45, 48, 60, 72, 80, 90, 96, 120, 144, 160, 180, 240, 288, 360, 480, 720, 1440]
[1, 5, 367, 1835]
[1, 5]
[1, 2, 5, 7, 10, 11, 14, 22, 35, 55, 70, 77, 110, 154, 385, 770]
[1, 2, 5, 10, 23, 25, 46, 50, 115, 230, 575, 1150]
[1, 2, 5, 10, 23, 25, 46, 50, 115, 230, 575, 1150]
[1, 2, 3, 6, 11, 22, 33, 66]
[1, 2, 5, 10, 167, 334, 835, 1670]
[1, 2, 5, 10, 167, 334, 835, 1670]
[1, 2, 4, 8, 16, 41, 82, 164, 328, 656]
[1, 199]
[1, 3, 7, 9, 13, 21, 39, 63, 91, 117, 273, 819]
[1, 2, 5, 10, 25, 50, 125, 250, 625, 1250]
[1, 3, 5, 9, 15, 29, 45, 87, 145, 261, 435, 1305]
[1, 2, 4, 5, 7, 10, 11, 14, 20, 22, 28, 35, 44, 55, 70, 77, 110, 140, 154, 220, 308, 385, 770, 1540]
[1, 2, 3, 5, 6, 10, 15, 30, 53, 106, 159, 265, 318, 530, 795, 1590]
[1, 2, 3, 4, 5, 6, 9, 10, 12, 15, 18, 20, 27, 30, 36, 45, 54, 60, 90, 108, 135, 180, 270, 540]
[1, 5, 181, 905]
[1, 2, 4, 5, 8, 10, 20, 25, 40, 50, 100, 200]
[1, 5, 7, 23, 35, 115, 161, 805]
[1, 2, 4, 5, 10, 20, 25, 50, 100]
[1, 5, 223, 1115]
[1, 5, 223, 1115]
[1, 5, 269, 1345]
[1, 5, 269, 1345]
[1, 5, 7, 17, 35, 85, 119, 595]
[1, 2, 3, 4, 5, 6, 10, 11, 12, 15, 20, 22, 30, 33, 44, 55, 60, 66, 110, 132, 165, 220, 330, 660]
[1, 2, 4, 5, 8, 10, 16, 20, 40, 80]
[1, 2, 4, 5, 8, 10, 16, 20, 40, 80]
[1, 5, 7, 35]
[1, 2, 3, 5, 6, 9, 10, 15, 18, 25, 27, 30, 45, 50, 54, 75, 90, 135, 150, 225, 270, 450, 675, 1350]
[1, 3, 5, 7, 15, 21, 35, 105]
[1, 3, 5, 7, 15, 21, 35, 105]
[1, 2, 3, 5, 6, 10, 15, 30]
[1, 2, 3, 4, 6, 7, 8, 9, 12, 14, 16, 18, 21, 24, 28, 36, 42, 48, 56, 63, 72, 84, 112, 126, 144, 168, 252, 336, 504, 1008]
[1, 2, 5, 10, 47, 94, 235, 470]
[1, 3, 5, 15, 59, 177, 295, 885]
[1, 5, 13, 65, 169, 845]
[1, 2, 113, 226]
[1, 5, 113, 565]
[1, 5, 113, 565]
[1, 5, 113, 565]
[1, 5, 113, 565]
[1, 2, 4, 5, 7, 8, 10, 14, 16, 20, 28, 35, 40, 56, 70, 80, 112, 140, 280, 560]
[1, 5, 151, 755]
[1, 2, 5, 10, 61, 122, 305, 610]
[1, 5, 101, 505]
[1, 2, 4, 5, 8, 10, 17, 20, 34, 40, 68, 85, 136, 170, 340, 680]
[1, 2, 5, 10, 43, 86, 215, 430]
[1, 5, 47, 235]
[1, 5, 59, 295]
[1, 5, 59, 295]
[1, 2, 3, 4, 5, 6, 8, 9, 10, 12, 15, 18, 20, 24, 30, 36, 40, 45, 60, 72, 90, 120, 180, 360]
[1, 2, 3, 4, 5, 6, 8, 9, 10, 12, 15, 18, 20, 24, 30, 36, 40, 45, 60, 72, 90, 120, 180, 360]
[1, 3, 5, 11, 15, 33, 55, 165]
[1, 3, 67, 201]
[1, 3, 5, 7, 15, 21, 35, 105]
[1, 2, 3, 4, 5, 6, 8, 10, 12, 15, 20, 24, 30, 40, 60, 120]
[1, 2, 3, 4, 5, 6, 8, 10, 12, 15, 20, 24, 30, 40, 60, 120]
[1, 2, 3, 4, 5, 6, 8, 10, 12, 15, 20, 24, 30, 40, 60, 120]
[1, 2, 5, 10, 19, 38, 95, 190]
[1, 2, 5, 10, 19, 38, 95, 190]
[1, 2, 4, 5, 10, 20, 97, 194, 388, 485, 970, 1940]
[1, 2, 4, 5, 10, 20, 97, 194, 388, 485, 970, 1940]
[1, 2, 3, 5, 6, 9, 10, 15, 18, 29, 30, 45, 58, 87, 90, 145, 174, 261, 290, 435, 522, 870, 1305, 2610]
[1, 5, 241, 1205]
[1, 5, 241, 1205]
[1, 5, 241, 1205]
[1, 5, 7, 11, 35, 55, 77, 385]
[1, 3, 5, 15, 89, 267, 445, 1335]
[1, 3, 5, 15, 89, 267, 445, 1335]
[1, 3, 5, 15, 89, 267, 445, 1335]
[1, 2, 4, 5, 10, 20, 53, 106, 212, 265, 530, 1060]
[1, 2, 5, 10, 11, 22, 55, 110, 121, 242, 605, 1210]
[1, 5, 337, 1685]
[1, 5, 337, 1685]
[1, 5, 337, 1685]
[1, 2, 4, 5, 8, 10, 13, 20, 25, 26, 40, 50, 52, 65, 100, 104, 130, 200, 260, 325, 520, 650, 1300, 2600]
[1, 2, 4, 5, 8, 10, 13, 20, 25, 26, 40, 50, 52, 65, 100, 104, 130, 200, 260, 325, 520, 650, 1300, 2600]
[1, 5, 25, 37, 185, 925]
[1, 2, 4, 5, 8, 10, 17, 20, 34, 40, 68, 85, 136, 170, 340, 680]
[1, 2, 5, 10, 31, 62, 155, 310]
[1, 2, 5, 10, 23, 25, 46, 50, 115, 230, 575, 1150]
[1, 2, 5, 10, 167, 334, 835, 1670]
[1, 5, 223, 1115]
[1, 5, 269, 1345]
[1, 2, 4, 5, 8, 10, 16, 20, 40, 80]
[1, 2, 4, 5, 8, 10, 16, 20, 40, 80]
[1, 5, 7, 35]
[1, 3, 5, 7, 15, 21, 35, 105]
[1, 3, 5, 15, 59, 177, 295, 885]
[1, 5, 113, 565]
[1, 5, 113, 565]
[1, 5, 59, 295]
[1, 2, 3, 4, 5, 6, 8, 9, 10, 12, 15, 18, 20, 24, 30, 36, 40, 45, 60, 72, 90, 120, 180, 360]
[1, 2, 3, 4, 5, 6, 8, 10, 12, 15, 20, 24, 30, 40, 60, 120]
[1, 2, 3, 4, 5, 6, 8, 10, 12, 15, 20, 24, 30, 40, 60, 120]
[1, 2, 5, 10, 19, 38, 95, 190]
[1, 2, 4, 5, 10, 20, 97, 194, 388, 485, 970, 1940]
[1, 5, 241, 1205]
[1, 5, 241, 1205]
[1, 3, 5, 15, 89, 267, 445, 1335]
[1, 3, 5, 15, 89, 267, 445, 1335]
[1, 5, 337, 1685]
[1, 5, 337, 1685]
[1, 2, 4, 5, 8, 10, 13, 20, 25, 26, 40, 50, 52, 65, 100, 104, 130, 200, 260, 325, 520, 650, 1300, 2600]
[1, 2, 4, 5, 8, 10, 16, 20, 40, 80]
[1, 5, 113, 565]
[1, 2, 3, 4, 5, 6, 8, 10, 12, 15, 20, 24, 30, 40, 60, 120]
[1, 5, 241, 1205]
[1, 3, 5, 15, 89, 267, 445, 1335]
[1, 5, 337, 1685]
