Pattern | occurs | spacing | factorsGKV [0, 1420] 1420 [1, 2, 4, 5, 10, 20, 71, 142, 284, 355, 710, 1420] 
WRB [10, 1815] 1805 [1, 5, 19, 95, 361, 1805] 
TNJ [17, 1492] 1475 [1, 5, 25, 59, 295, 1475] 
EZW [23, 113] 90 [1, 2, 3, 5, 6, 9, 10, 15, 18, 30, 45, 90] 
POA [29, 219, 1841] 190 [1, 2, 5, 10, 19, 38, 95, 190] 
OAY [30, 220] 190 [1, 2, 5, 10, 19, 38, 95, 190] 
AYT [31, 221] 190 [1, 2, 5, 10, 19, 38, 95, 190] 
YTC [32, 222] 190 [1, 2, 5, 10, 19, 38, 95, 190] 
JEZ [41, 381] 340 [1, 2, 4, 5, 10, 17, 20, 34, 68, 85, 170, 340] 
EZV [42, 1557, 1818] 1515 [1, 3, 5, 15, 101, 303, 505, 1515] 
ZVW [43, 608] 565 [1, 5, 113, 565] 
VWV [47, 552, 2717] 505 [1, 5, 101, 505] 
DZX [59, 478] 419 [1, 419] 
EHQ [67, 267, 992, 1452, 1602, 1637, 2052] 200 [1, 2, 4, 5, 8, 10, 20, 25, 40, 50, 100, 200] 
UDV [72, 2710] 2638 [1, 2, 1319, 2638] 
JFE [85, 365, 2025] 280 [1, 2, 4, 5, 7, 8, 10, 14, 20, 28, 35, 40, 56, 70, 140, 280] 
FED [86, 2026, 2616] 1940 [1, 2, 4, 5, 10, 20, 97, 194, 388, 485, 970, 1940] 
EDQ [87, 537, 1123, 1177, 1317, 1942, 2027] 450 [1, 2, 3, 5, 6, 9, 10, 15, 18, 25, 30, 45, 50, 75, 90, 150, 225, 450] 
DQN [88, 483, 1308, 2028] 395 [1, 5, 79, 395] 
ADZ [92, 142, 917, 1657] 50 [1, 2, 5, 10, 25, 50] 
DZG [93, 1418, 2498] 1325 [1, 5, 25, 53, 265, 1325] 
ZQJ [102, 2943] 2841 [1, 3, 947, 2841] 
QJJ [103, 1273] 1170 [1, 2, 3, 5, 6, 9, 10, 13, 15, 18, 26, 30, 39, 45, 65, 78, 90, 117, 130, 195, 234, 390, 585, 1170] 
TDS [108, 2383] 2275 [1, 5, 7, 13, 25, 35, 65, 91, 175, 325, 455, 2275] 
DSR [109, 2554] 2445 [1, 3, 5, 15, 163, 489, 815, 2445] 
RFE [111, 789] 678 [1, 2, 3, 6, 113, 226, 339, 678] 
FEZ [112, 921] 809 [1, 809] 
PWI [118, 1235] 1117 [1, 1117] 
IQF [122, 1752] 1630 [1, 2, 5, 10, 163, 326, 815, 1630] 
PCJ [125, 2735] 2610 [1, 2, 3, 5, 6, 9, 10, 15, 18, 29, 30, 45, 58, 87, 90, 145, 174, 261, 290, 435, 522, 870, 1305, 2610] 
CJT [126, 2736] 2610 [1, 2, 3, 5, 6, 9, 10, 15, 18, 29, 30, 45, 58, 87, 90, 145, 174, 261, 290, 435, 522, 870, 1305, 2610] 
JTJ [127, 1427, 2737] 1300 [1, 2, 4, 5, 10, 13, 20, 25, 26, 50, 52, 65, 100, 130, 260, 325, 650, 1300] 
UAE [130, 285, 395] 155 [1, 5, 31, 155] 
AEN [131, 2481] 2350 [1, 2, 5, 10, 25, 47, 50, 94, 235, 470, 1175, 2350] 
NCA [133, 2193] 2060 [1, 2, 4, 5, 10, 20, 103, 206, 412, 515, 1030, 2060] 
AXL [135, 2425, 2452] 2290 [1, 2, 5, 10, 229, 458, 1145, 2290] 
DZW [143, 2463] 2320 [1, 2, 4, 5, 8, 10, 16, 20, 29, 40, 58, 80, 116, 145, 232, 290, 464, 580, 1160, 2320] 
ZWA [144, 2123] 1979 [1, 1979] 
WAO [145, 1100] 955 [1, 5, 191, 955] 
VLE [156, 1501] 1345 [1, 5, 269, 1345] 
LED [157, 377] 220 [1, 2, 4, 5, 10, 11, 20, 22, 44, 55, 110, 220] 
EDX [158, 677, 2978] 519 [1, 3, 173, 519] 
XIM [160, 2175, 2960] 2015 [1, 5, 13, 31, 65, 155, 403, 2015] 
IMH [161, 486, 1141, 1516, 1566, 2111, 2176] 325 [1, 5, 13, 25, 65, 325] 
MHF [162, 487] 325 [1, 5, 13, 25, 65, 325] 
HFA [163, 1550, 1655] 1387 [1, 19, 73, 1387] 
FAY [164, 1369] 1205 [1, 5, 241, 1205] 
AYK [165, 1370] 1205 [1, 5, 241, 1205] 
YKS [166, 1371] 1205 [1, 5, 241, 1205] 
KSD [167, 1372, 2922] 1205 [1, 5, 241, 1205] 
SDA [168, 1373] 1205 [1, 5, 241, 1205] 
DAI [169, 2289, 2689] 2120 [1, 2, 4, 5, 8, 10, 20, 40, 53, 106, 212, 265, 424, 530, 1060, 2120] 
AIU [170, 1760, 1906] 1590 [1, 2, 3, 5, 6, 10, 15, 30, 53, 106, 159, 265, 318, 530, 795, 1590] 
UGT [172, 2772] 2600 [1, 2, 4, 5, 8, 10, 13, 20, 25, 26, 40, 50, 52, 65, 100, 104, 130, 200, 260, 325, 520, 650, 1300, 2600] 
SEV [175, 1225, 2870] 1050 [1, 2, 3, 5, 6, 7, 10, 14, 15, 21, 25, 30, 35, 42, 50, 70, 75, 105, 150, 175, 210, 350, 525, 1050] 
EVG [176, 1226] 1050 [1, 2, 3, 5, 6, 7, 10, 14, 15, 21, 25, 30, 35, 42, 50, 70, 75, 105, 150, 175, 210, 350, 525, 1050] 
LQW [179, 2599] 2420 [1, 2, 4, 5, 10, 11, 20, 22, 44, 55, 110, 121, 220, 242, 484, 605, 1210, 2420] 
QWM [180, 2035, 2600] 1855 [1, 5, 7, 35, 53, 265, 371, 1855] 
CFY [185, 570, 2910] 385 [1, 5, 7, 11, 35, 55, 77, 385] 
FYZ [186, 571, 2911] 385 [1, 5, 7, 11, 35, 55, 77, 385] 
YZM [187, 572, 1597, 2912] 385 [1, 5, 7, 11, 35, 55, 77, 385] 
ZMH [188, 533] 345 [1, 3, 5, 15, 23, 69, 115, 345] 
MHH [189, 534] 345 [1, 3, 5, 15, 23, 69, 115, 345] 
IIE [195, 1460, 2575, 2815] 1265 [1, 5, 11, 23, 55, 115, 253, 1265] 
MAV [199, 1589] 1390 [1, 2, 5, 10, 139, 278, 695, 1390] 
OED [202, 676, 2071] 474 [1, 2, 3, 6, 79, 158, 237, 474] 
DOV [204, 1129] 925 [1, 5, 25, 37, 185, 925] 
OVJ [205, 401, 1326, 1671] 196 [1, 2, 4, 7, 14, 28, 49, 98, 196] 
VJZ [206, 1311] 1105 [1, 5, 13, 17, 65, 85, 221, 1105] 
JZD [207, 2217] 2010 [1, 2, 3, 5, 6, 10, 15, 30, 67, 134, 201, 335, 402, 670, 1005, 2010] 
ZDS [208, 633] 425 [1, 5, 17, 25, 85, 425] 
DSI [209, 2854] 2645 [1, 5, 23, 115, 529, 2645] 
SIN [210, 2405] 2195 [1, 5, 439, 2195] 
BZA [229, 2957] 2728 [1, 2, 4, 8, 11, 22, 31, 44, 62, 88, 124, 248, 341, 682, 1364, 2728] 
MZL [232, 1137] 905 [1, 5, 181, 905] 
LSN [234, 644] 410 [1, 2, 5, 10, 41, 82, 205, 410] 
VZJ [238, 2904] 2666 [1, 2, 31, 43, 62, 86, 1333, 2666] 
ZJH [239, 383] 144 [1, 2, 3, 4, 6, 8, 9, 12, 16, 18, 24, 36, 48, 72, 144] 
CTH [246, 511] 265 [1, 5, 53, 265] 
THV [247, 512, 1337, 2682] 265 [1, 5, 53, 265] 
HVO [248, 778] 530 [1, 2, 5, 10, 53, 106, 265, 530] 
ZDN [253, 1883, 2218, 2898] 1630 [1, 2, 5, 10, 163, 326, 815, 1630] 
DNW [254, 2969] 2715 [1, 3, 5, 15, 181, 543, 905, 2715] 
KHD [257, 2162] 1905 [1, 3, 5, 15, 127, 381, 635, 1905] 
HDN [258, 2163, 2968] 1905 [1, 3, 5, 15, 127, 381, 635, 1905] 
YMZ [261, 2041] 1780 [1, 2, 4, 5, 10, 20, 89, 178, 356, 445, 890, 1780] 
MZM [262, 2042, 2602] 1780 [1, 2, 4, 5, 10, 20, 89, 178, 356, 445, 890, 1780] 
ZMI [263, 1598] 1335 [1, 3, 5, 15, 89, 267, 445, 1335] 
MIF [264, 1599] 1335 [1, 3, 5, 15, 89, 267, 445, 1335] 
IFE [265, 442, 920, 1600, 2115] 177 [1, 3, 59, 177] 
FEH [266, 346, 366, 1601, 1636] 80 [1, 2, 4, 5, 8, 10, 16, 20, 40, 80] 
QEE [270, 1855] 1585 [1, 5, 317, 1585] 
EEH [271, 1856, 2631] 1585 [1, 5, 317, 1585] 
EHB [272, 2632] 2360 [1, 2, 4, 5, 8, 10, 20, 40, 59, 118, 236, 295, 472, 590, 1180, 2360] 
JAI [275, 1894, 2739] 1619 [1, 1619] 
AIA [276, 1975] 1699 [1, 1699] 
AFZ [280, 1340] 1060 [1, 2, 4, 5, 10, 20, 53, 106, 212, 265, 530, 1060] 
FZO [281, 1341] 1060 [1, 2, 4, 5, 10, 20, 53, 106, 212, 265, 530, 1060] 
ZOV [282, 1342, 1862] 1060 [1, 2, 4, 5, 10, 20, 53, 106, 212, 265, 530, 1060] 
VUA [284, 394] 110 [1, 2, 5, 10, 11, 22, 55, 110] 
AEZ [286, 290, 725, 956, 1332, 2926] 4 [1, 2, 4] 
EZR [287, 922] 635 [1, 5, 127, 635] 
EZI [291, 1462] 1171 [1, 1171] 
HAI [300, 2113] 1813 [1, 7, 37, 49, 259, 1813] 
AIZ [301, 461, 1035, 1191, 1895, 2121, 2740] 160 [1, 2, 4, 5, 8, 10, 16, 20, 32, 40, 80, 160] 
IZT [302, 352] 50 [1, 2, 5, 10, 25, 50] 
AHV [305, 387, 2902] 82 [1, 2, 41, 82] 
IHL [312, 2237] 1925 [1, 5, 7, 11, 25, 35, 55, 77, 175, 275, 385, 1925] 
HLA [313, 1543, 1623] 1230 [1, 2, 3, 5, 6, 10, 15, 30, 41, 82, 123, 205, 246, 410, 615, 1230] 
UVS [318, 943] 625 [1, 5, 25, 125, 625] 
VSA [319, 1864] 1545 [1, 3, 5, 15, 103, 309, 515, 1545] 
SAT [320, 1530] 1210 [1, 2, 5, 10, 11, 22, 55, 110, 121, 242, 605, 1210] 
ATB [321, 1531] 1210 [1, 2, 5, 10, 11, 22, 55, 110, 121, 242, 605, 1210] 
TBK [322, 1532] 1210 [1, 2, 5, 10, 11, 22, 55, 110, 121, 242, 605, 1210] 
HQI [325, 993] 668 [1, 2, 4, 167, 334, 668] 
QNF [329, 1634] 1305 [1, 3, 5, 9, 15, 29, 45, 87, 145, 261, 435, 1305] 
VTD [332, 1081, 1737, 2102, 2496, 2712] 749 [1, 7, 107, 749] 
AEH [341, 396, 991, 1541, 1606, 1621] 55 [1, 5, 11, 55] 
EHL [342, 1542, 1622] 1200 [1, 2, 3, 4, 5, 6, 8, 10, 12, 15, 16, 20, 24, 25, 30, 40, 48, 50, 60, 75, 80, 100, 120, 150, 200, 240, 300, 400, 600, 1200] 
SOP [349, 559] 210 [1, 2, 3, 5, 6, 7, 10, 14, 15, 21, 30, 35, 42, 70, 105, 210] 
MDM [357, 2722] 2365 [1, 5, 11, 43, 55, 215, 473, 2365] 
MXX [359, 2044] 1685 [1, 5, 337, 1685] 
XXM [360, 2045] 1685 [1, 5, 337, 1685] 
XMH [361, 2046] 1685 [1, 5, 337, 1685] 
MHL [362, 1142, 2047, 2252] 780 [1, 2, 3, 4, 5, 6, 10, 12, 13, 15, 20, 26, 30, 39, 52, 60, 65, 78, 130, 156, 195, 260, 390, 780] 
HLJ [363, 2048, 2238] 1685 [1, 5, 337, 1685] 
NWF [370, 2970] 2600 [1, 2, 4, 5, 8, 10, 13, 20, 25, 26, 40, 50, 52, 65, 100, 104, 130, 200, 260, 325, 520, 650, 1300, 2600] 
WFH [371, 2971] 2600 [1, 2, 4, 5, 8, 10, 13, 20, 25, 26, 40, 50, 52, 65, 100, 104, 130, 200, 260, 325, 520, 650, 1300, 2600] 
FHD [372, 2972] 2600 [1, 2, 4, 5, 8, 10, 13, 20, 25, 26, 40, 50, 52, 65, 100, 104, 130, 200, 260, 325, 520, 650, 1300, 2600] 
HDS [373, 2948, 2973] 2575 [1, 5, 25, 103, 515, 2575] 
DSQ [374, 2384] 2010 [1, 2, 3, 5, 6, 10, 15, 30, 67, 134, 201, 335, 402, 670, 1005, 2010] 
EDN [378, 1628] 1250 [1, 2, 5, 10, 25, 50, 125, 250, 625, 1250] 
EZJ [382, 1333] 951 [1, 3, 317, 951] 
HQA [385, 2053, 2728] 1668 [1, 2, 3, 4, 6, 12, 139, 278, 417, 556, 834, 1668] 
QAH [386, 2901] 2515 [1, 5, 503, 2515] 
HVW [388, 1988] 1600 [1, 2, 4, 5, 8, 10, 16, 20, 25, 32, 40, 50, 64, 80, 100, 160, 200, 320, 400, 800, 1600] 
ZGV [392, 1537] 1145 [1, 5, 229, 1145] 
GVU [393, 1945, 2510] 1552 [1, 2, 4, 8, 16, 97, 194, 388, 776, 1552] 
EHM [397, 1587, 1922] 1190 [1, 2, 5, 7, 10, 14, 17, 34, 35, 70, 85, 119, 170, 238, 595, 1190] 
HMM [398, 1643] 1245 [1, 3, 5, 15, 83, 249, 415, 1245] 
MOV [400, 1325, 1670, 2545] 925 [1, 5, 25, 37, 185, 925] 
VJA [402, 1327, 1539, 1672] 925 [1, 5, 25, 37, 185, 925] 
GEA [410, 2330] 1920 [1, 2, 3, 4, 5, 6, 8, 10, 12, 15, 16, 20, 24, 30, 32, 40, 48, 60, 64, 80, 96, 120, 128, 160, 192, 240, 320, 384, 480, 640, 960, 1920] 
AEQ [412, 1466, 2811] 1054 [1, 2, 17, 31, 34, 62, 527, 1054] 
EQW [413, 1467] 1054 [1, 2, 17, 31, 34, 62, 527, 1054] 
WCO [415, 1846] 1431 [1, 3, 9, 27, 53, 159, 477, 1431] 
UEZ [421, 876] 455 [1, 5, 7, 13, 35, 65, 91, 455] 
EZF [422, 877, 2416, 2577] 455 [1, 5, 7, 13, 35, 65, 91, 455] 
IFS [425, 1685] 1260 [1, 2, 3, 4, 5, 6, 7, 9, 10, 12, 14, 15, 18, 20, 21, 28, 30, 35, 36, 42, 45, 60, 63, 70, 84, 90, 105, 126, 140, 180, 210, 252, 315, 420, 630, 1260] 
UIZ [431, 1886] 1455 [1, 3, 5, 15, 97, 291, 485, 1455] 
XAS [435, 880] 445 [1, 5, 89, 445] 
ASQ [436, 881] 445 [1, 5, 89, 445] 
UAI [440, 1746] 1306 [1, 2, 653, 1306] 
AIF [441, 1471, 2114] 1030 [1, 2, 5, 10, 103, 206, 515, 1030] 
XAI [460, 1285] 825 [1, 3, 5, 11, 15, 25, 33, 55, 75, 165, 275, 825] 
ZSY [463, 2014] 1551 [1, 3, 11, 33, 47, 141, 517, 1551] 
YII [465, 1970] 1505 [1, 5, 7, 35, 43, 215, 301, 1505] 
VIS [468, 622] 154 [1, 2, 7, 11, 14, 22, 77, 154] 
SHA [470, 1570, 2675] 1100 [1, 2, 4, 5, 10, 11, 20, 22, 25, 44, 50, 55, 100, 110, 220, 275, 550, 1100] 
BDZ [477, 2827] 2350 [1, 2, 5, 10, 25, 47, 50, 94, 235, 470, 1175, 2350] 
IDQ [482, 1307, 1972, 2108] 825 [1, 3, 5, 11, 15, 25, 33, 55, 75, 165, 275, 825] 
NIM [485, 1140] 655 [1, 5, 131, 655] 
HFS [488, 1858] 1370 [1, 2, 5, 10, 137, 274, 685, 1370] 
FSI [489, 2404] 1915 [1, 5, 383, 1915] 
SIZ [490, 2760, 2880] 2270 [1, 2, 5, 10, 227, 454, 1135, 2270] 
ZUA [492, 1702] 1210 [1, 2, 5, 10, 11, 22, 55, 110, 121, 242, 605, 1210] 
GVJ [496, 1538] 1042 [1, 2, 521, 1042] 
DSX [499, 2433] 1934 [1, 2, 967, 1934] 
HCT [510, 1185] 675 [1, 3, 5, 9, 15, 25, 27, 45, 75, 135, 225, 675] 
HVN [513, 1408, 2213] 895 [1, 5, 179, 895] 
VNU [514, 2099] 1585 [1, 5, 317, 1585] 
UMZ [516, 2981] 2465 [1, 5, 17, 29, 85, 145, 493, 2465] 
MZX [517, 2982] 2465 [1, 5, 17, 29, 85, 145, 493, 2465] 
TZV [527, 607, 2097] 80 [1, 2, 4, 5, 8, 10, 16, 20, 40, 80] 
ZVI [528, 1048] 520 [1, 2, 4, 5, 8, 10, 13, 20, 26, 40, 52, 65, 104, 130, 260, 520] 
EZM [532, 957, 2627] 425 [1, 5, 17, 25, 85, 425] 
IEH [541, 1921, 2051, 2806] 1380 [1, 2, 3, 4, 5, 6, 10, 12, 15, 20, 23, 30, 46, 60, 69, 92, 115, 138, 230, 276, 345, 460, 690, 1380] 
JIE [545, 2050, 2805] 1505 [1, 5, 7, 35, 43, 215, 301, 1505] 
GTA [548, 1038, 2753, 2858] 490 [1, 2, 5, 7, 10, 14, 35, 49, 70, 98, 245, 490] 
AVV [550, 737] 187 [1, 11, 17, 187] 
VVW [551, 2312] 1761 [1, 3, 587, 1761] 
TNX [564, 2184] 1620 [1, 2, 3, 4, 5, 6, 9, 10, 12, 15, 18, 20, 27, 30, 36, 45, 54, 60, 81, 90, 108, 135, 162, 180, 270, 324, 405, 540, 810, 1620] 
GHZ [567, 1360] 793 [1, 13, 61, 793] 
SWW [579, 1777] 1198 [1, 2, 599, 1198] 
ZZP [588, 1134] 546 [1, 2, 3, 6, 7, 13, 14, 21, 26, 39, 42, 78, 91, 182, 273, 546] 
MPA [594, 2584, 2589] 1990 [1, 2, 5, 10, 199, 398, 995, 1990] 
PAM [595, 2140, 2585, 2590] 1545 [1, 3, 5, 15, 103, 309, 515, 1545] 
XWE [600, 1280, 2414] 680 [1, 2, 4, 5, 8, 10, 17, 20, 34, 40, 68, 85, 136, 170, 340, 680] 
WEW [601, 1281] 680 [1, 2, 4, 5, 8, 10, 17, 20, 34, 40, 68, 85, 136, 170, 340, 680] 
EWM [602, 1282] 680 [1, 2, 4, 5, 8, 10, 17, 20, 34, 40, 68, 85, 136, 170, 340, 680] 
IWT [605, 995] 390 [1, 2, 3, 5, 6, 10, 13, 15, 26, 30, 39, 65, 78, 130, 195, 390] 
WTZ [606, 996] 390 [1, 2, 3, 5, 6, 10, 13, 15, 26, 30, 39, 65, 78, 130, 195, 390] 
WIV [610, 1236, 2310] 626 [1, 2, 313, 626] 
SAV [620, 1090, 1865, 2335, 2564, 2750, 2765] 470 [1, 2, 5, 10, 47, 94, 235, 470] 
CWM [625, 985] 360 [1, 2, 3, 4, 5, 6, 8, 9, 10, 12, 15, 18, 20, 24, 30, 36, 40, 45, 60, 72, 90, 120, 180, 360] 
WMX [626, 1283] 657 [1, 3, 9, 73, 219, 657] 
IRB [630, 800] 170 [1, 2, 5, 10, 17, 34, 85, 170] 
RBZ [631, 801, 1346] 170 [1, 2, 5, 10, 17, 34, 85, 170] 
BZD [632, 1347] 715 [1, 5, 11, 13, 55, 65, 143, 715] 
FIE [639, 1681] 1042 [1, 2, 521, 1042] 
EMX [641, 1831] 1190 [1, 2, 5, 7, 10, 14, 17, 34, 35, 70, 85, 119, 170, 238, 595, 1190] 
UDH [648, 1548] 900 [1, 2, 3, 4, 5, 6, 9, 10, 12, 15, 18, 20, 25, 30, 36, 45, 50, 60, 75, 90, 100, 150, 180, 225, 300, 450, 900] 
WID [651, 2431] 1780 [1, 2, 4, 5, 10, 20, 89, 178, 356, 445, 890, 1780] 
KCE [654, 964] 310 [1, 2, 5, 10, 31, 62, 155, 310] 
CEI [655, 965, 1000] 310 [1, 2, 5, 10, 31, 62, 155, 310] 
EID [656, 666, 926, 966, 1001, 1086] 10 [1, 2, 5, 10] 
IDR [667, 927] 260 [1, 2, 4, 5, 10, 13, 20, 26, 52, 65, 130, 260] 
RXF [669, 1679] 1010 [1, 2, 5, 10, 101, 202, 505, 1010] 
XFE [670, 1065] 395 [1, 5, 79, 395] 
FEI [671, 790] 119 [1, 7, 17, 119] 
XOE [675, 1749] 1074 [1, 2, 3, 6, 179, 358, 537, 1074] 
DXX [678, 1003] 325 [1, 5, 13, 25, 65, 325] 
SVL [705, 1500] 795 [1, 3, 5, 15, 53, 159, 265, 795] 
DAV [709, 2104, 2359] 1395 [1, 3, 5, 9, 15, 31, 45, 93, 155, 279, 465, 1395] 
AVJ [710, 2565, 2766] 1855 [1, 5, 7, 35, 53, 265, 371, 1855] 
VJX [711, 2566, 2894] 1855 [1, 5, 7, 35, 53, 265, 371, 1855] 
VHV [717, 2494] 1777 [1, 1777] 
HVS [718, 2448] 1730 [1, 2, 5, 10, 173, 346, 865, 1730] 
EZE [726, 1296, 1836] 570 [1, 2, 3, 5, 6, 10, 15, 19, 30, 38, 57, 95, 114, 190, 285, 570] 
ZEC [727, 2152, 2657] 1425 [1, 3, 5, 15, 19, 25, 57, 75, 95, 285, 475, 1425] 
ECS [728, 2658] 1930 [1, 2, 5, 10, 193, 386, 965, 1930] 
DVQ [753, 1728] 975 [1, 3, 5, 13, 15, 25, 39, 65, 75, 195, 325, 975] 
VQA [754, 2234] 1480 [1, 2, 4, 5, 8, 10, 20, 37, 40, 74, 148, 185, 296, 370, 740, 1480] 
DRC [758, 1073] 315 [1, 3, 5, 7, 9, 15, 21, 35, 45, 63, 105, 315] 
AVX [770, 2056] 1286 [1, 2, 643, 1286] 
XJD [772, 2021] 1249 [1, 1249] 
ZHV [777, 1079] 302 [1, 2, 151, 302] 
FMH [781, 1351] 570 [1, 2, 3, 5, 6, 10, 15, 19, 30, 38, 57, 95, 114, 190, 285, 570] 
MHQ [782, 892, 2607, 2727] 110 [1, 2, 5, 10, 11, 22, 55, 110] 
EIU [791, 931, 1476] 140 [1, 2, 4, 5, 7, 10, 14, 20, 28, 35, 70, 140] 
BZZ [802, 807, 2996] 5 [1, 5] 
ZZC [803, 998] 195 [1, 3, 5, 13, 15, 39, 65, 195] 
ZCO [804, 2928] 2124 [1, 2, 3, 4, 6, 9, 12, 18, 36, 59, 118, 177, 236, 354, 531, 708, 1062, 2124] 
ZJI [809, 2905] 2096 [1, 2, 4, 8, 16, 131, 262, 524, 1048, 2096] 
JIM [810, 1245] 435 [1, 3, 5, 15, 29, 87, 145, 435] 
LZQ [814, 2254] 1440 [1, 2, 3, 4, 5, 6, 8, 9, 10, 12, 15, 16, 18, 20, 24, 30, 32, 36, 40, 45, 48, 60, 72, 80, 90, 96, 120, 144, 160, 180, 240, 288, 360, 480, 720, 1440] 
ZQE [815, 2255] 1440 [1, 2, 3, 4, 5, 6, 8, 9, 10, 12, 15, 16, 18, 20, 24, 30, 32, 36, 40, 45, 48, 60, 72, 80, 90, 96, 120, 144, 160, 180, 240, 288, 360, 480, 720, 1440] 
EUM [817, 2002, 2887] 1185 [1, 3, 5, 15, 79, 237, 395, 1185] 
PCZ [821, 1881] 1060 [1, 2, 4, 5, 10, 20, 53, 106, 212, 265, 530, 1060] 
OJJ [828, 1423] 595 [1, 5, 7, 17, 35, 85, 119, 595] 
JJI [829, 1274] 445 [1, 5, 89, 445] 
SUZ [835, 2660] 1825 [1, 5, 25, 73, 365, 1825] 
XOS [840, 1640] 800 [1, 2, 4, 5, 8, 10, 16, 20, 25, 32, 40, 50, 80, 100, 160, 200, 400, 800] 
WXG [843, 2005] 1162 [1, 2, 7, 14, 83, 166, 581, 1162] 
ZXG [849, 2983] 2134 [1, 2, 11, 22, 97, 194, 1067, 2134] 
HVJ [858, 2893] 2035 [1, 5, 11, 37, 55, 185, 407, 2035] 
VJR [859, 2767] 1908 [1, 2, 3, 4, 6, 9, 12, 18, 36, 53, 106, 159, 212, 318, 477, 636, 954, 1908] 
RXZ [861, 1927, 2017] 1066 [1, 2, 13, 26, 41, 82, 533, 1066] 
XZD [862, 2897] 2035 [1, 5, 11, 37, 55, 185, 407, 2035] 
DAA [864, 2654] 1790 [1, 2, 5, 10, 179, 358, 895, 1790] 
AAB [865, 1957, 2955] 1092 [1, 2, 3, 4, 6, 7, 12, 13, 14, 21, 26, 28, 39, 42, 52, 78, 84, 91, 156, 182, 273, 364, 546, 1092] 
ASH [869, 1806] 937 [1, 937] 
BVP [873, 1573] 700 [1, 2, 4, 5, 7, 10, 14, 20, 25, 28, 35, 50, 70, 100, 140, 175, 350, 700] 
SQR [882, 2649] 1767 [1, 3, 19, 31, 57, 93, 589, 1767] 
OAM [890, 1200, 2505] 310 [1, 2, 5, 10, 31, 62, 155, 310] 
AMH [891, 1826, 2251, 2726] 935 [1, 5, 11, 17, 55, 85, 187, 935] 
HQX [893, 1603, 1638] 710 [1, 2, 5, 10, 71, 142, 355, 710] 
XEM [895, 2795] 1900 [1, 2, 4, 5, 10, 19, 20, 25, 38, 50, 76, 95, 100, 190, 380, 475, 950, 1900] 
XAE [900, 1465, 1605, 1900, 2810] 565 [1, 5, 113, 565] 
AEU [901, 2001, 2486] 1100 [1, 2, 4, 5, 10, 11, 20, 22, 25, 44, 50, 55, 100, 110, 220, 275, 550, 1100] 
EUL [902, 1027] 125 [1, 5, 25, 125] 
DZI [918, 1663, 1919, 2529] 745 [1, 5, 149, 745] 
RTE [924, 929] 5 [1, 5] 
TEI [925, 930] 5 [1, 5] 
ZOS [935, 1705] 770 [1, 2, 5, 7, 10, 11, 14, 22, 35, 55, 70, 77, 110, 154, 385, 770] 
OSU [936, 1706] 770 [1, 2, 5, 7, 10, 11, 14, 22, 35, 55, 70, 77, 110, 154, 385, 770] 
UQS [938, 2777] 1839 [1, 3, 613, 1839] 
HEE [946, 1165] 219 [1, 3, 73, 219] 
PQA [950, 1380, 1873] 430 [1, 2, 5, 10, 43, 86, 215, 430] 
AWI [960, 2669] 1709 [1, 1709] 
ASE [969, 1094] 125 [1, 5, 25, 125] 
VSD [977, 1159] 182 [1, 2, 7, 13, 14, 26, 91, 182] 
WMZ [986, 2036, 2601] 1050 [1, 2, 3, 5, 6, 7, 10, 14, 15, 21, 25, 30, 35, 42, 50, 70, 75, 105, 150, 175, 210, 350, 525, 1050] 
IAE [990, 1976, 2480, 2516] 986 [1, 2, 17, 29, 34, 58, 493, 986] 
EWR [1007, 1067, 1617] 60 [1, 2, 3, 4, 5, 6, 10, 12, 15, 20, 30, 60] 
KJD [1016, 2166] 1150 [1, 2, 5, 10, 23, 25, 46, 50, 115, 230, 575, 1150] 
JDV [1017, 2022, 2167] 1005 [1, 3, 5, 15, 67, 201, 335, 1005] 
DVY [1018, 2168] 1150 [1, 2, 5, 10, 23, 25, 46, 50, 115, 230, 575, 1150] 
YAI [1020, 1470] 450 [1, 2, 3, 5, 6, 9, 10, 15, 18, 25, 30, 45, 50, 75, 90, 150, 225, 450] 
AID [1021, 1242, 2107] 221 [1, 13, 17, 221] 
IDT [1022, 1722, 2172] 700 [1, 2, 4, 5, 7, 10, 14, 20, 25, 28, 35, 50, 70, 100, 140, 175, 350, 700] 
ZZA [1033, 1939] 906 [1, 2, 3, 6, 151, 302, 453, 906] 
ZAI [1034, 1905] 871 [1, 13, 67, 871] 
AEV [1042, 1901] 859 [1, 859] 
EVN [1043, 1593] 550 [1, 2, 5, 10, 11, 22, 25, 50, 55, 110, 275, 550] 
VNK [1044, 1559] 515 [1, 5, 103, 515] 
NKJ [1045, 1111, 2165] 66 [1, 2, 3, 6, 11, 22, 33, 66] 
KJZ [1046, 1112] 66 [1, 2, 3, 6, 11, 22, 33, 66] 
DMT [1053, 2723] 1670 [1, 2, 5, 10, 167, 334, 835, 1670] 
MTA [1054, 2724] 1670 [1, 2, 5, 10, 167, 334, 835, 1670] 
TAM [1055, 2725] 1670 [1, 2, 5, 10, 167, 334, 835, 1670] 
AMN [1056, 1691] 635 [1, 5, 127, 635] 
NFA [1058, 2918] 1860 [1, 2, 3, 4, 5, 6, 10, 12, 15, 20, 30, 31, 60, 62, 93, 124, 155, 186, 310, 372, 465, 620, 930, 1860] 
EDR [1072, 1167] 95 [1, 5, 19, 95] 
HZH [1078, 2613] 1535 [1, 5, 307, 1535] 
HVT [1080, 1736, 2495] 656 [1, 2, 4, 8, 16, 41, 82, 164, 328, 656] 
TDV [1082, 1187, 1727] 105 [1, 3, 5, 7, 15, 21, 35, 105] 
DVJ [1083, 2023] 940 [1, 2, 4, 5, 10, 20, 47, 94, 188, 235, 470, 940] 
FSA [1089, 1529] 440 [1, 2, 4, 5, 8, 10, 11, 20, 22, 40, 44, 55, 88, 110, 220, 440] 
AVB [1091, 1290] 199 [1, 199] 
VBA [1092, 1291] 199 [1, 199] 
RHZ [1117, 2612] 1495 [1, 5, 13, 23, 65, 115, 299, 1495] 
SGA [1120, 2935] 1815 [1, 3, 5, 11, 15, 33, 55, 121, 165, 363, 605, 1815] 
AED [1122, 1941] 819 [1, 3, 7, 9, 13, 21, 39, 63, 91, 117, 273, 819] 
ZZZ [1133, 1562, 1938] 429 [1, 3, 11, 13, 33, 39, 143, 429] 
SRL [1145, 2555] 1410 [1, 2, 3, 5, 6, 10, 15, 30, 47, 94, 141, 235, 282, 470, 705, 1410] 
SDO [1160, 2923] 1763 [1, 41, 43, 1763] 
EED [1166, 1176] 10 [1, 2, 5, 10] 
RAA [1169, 2419] 1250 [1, 2, 5, 10, 25, 50, 125, 250, 625, 1250] 
AAC [1170, 2420] 1250 [1, 2, 5, 10, 25, 50, 125, 250, 625, 1250] 
ACG [1171, 1811] 640 [1, 2, 4, 5, 8, 10, 16, 20, 32, 40, 64, 80, 128, 160, 320, 640] 
DQA [1178, 1973] 795 [1, 3, 5, 15, 53, 159, 265, 795] 
QAP [1179, 2729] 1550 [1, 2, 5, 10, 25, 31, 50, 62, 155, 310, 775, 1550] 
CTD [1186, 2382] 1196 [1, 2, 4, 13, 23, 26, 46, 52, 92, 299, 598, 1196] 
NAI [1190, 1241] 51 [1, 3, 17, 51] 
AMW [1201, 2506] 1305 [1, 3, 5, 9, 15, 29, 45, 87, 145, 261, 435, 1305] 
RSE [1209, 1954] 745 [1, 5, 149, 745] 
SEC [1210, 2130] 920 [1, 2, 4, 5, 8, 10, 20, 23, 40, 46, 92, 115, 184, 230, 460, 920] 
ECW [1211, 2153] 942 [1, 2, 3, 6, 157, 314, 471, 942] 
ZWV [1217, 1929, 2464] 712 [1, 2, 4, 8, 89, 178, 356, 712] 
WOU [1230, 2770] 1540 [1, 2, 4, 5, 7, 10, 11, 14, 20, 22, 28, 35, 44, 55, 70, 77, 110, 140, 154, 220, 308, 385, 770, 1540] 
OUG [1231, 2771] 1540 [1, 2, 4, 5, 7, 10, 11, 14, 20, 22, 28, 35, 44, 55, 70, 77, 110, 140, 154, 220, 308, 385, 770, 1540] 
DJI [1244, 2804] 1560 [1, 2, 3, 4, 5, 6, 8, 10, 12, 13, 15, 20, 24, 26, 30, 39, 40, 52, 60, 65, 78, 104, 120, 130, 156, 195, 260, 312, 390, 520, 780, 1560] 
SIV [1265, 2855] 1590 [1, 2, 3, 5, 6, 10, 15, 30, 53, 106, 159, 265, 318, 530, 795, 1590] 
IVG [1266, 2856] 1590 [1, 2, 3, 5, 6, 10, 15, 30, 53, 106, 159, 265, 318, 530, 795, 1590] 
AIH [1286, 2236] 950 [1, 2, 5, 10, 19, 25, 38, 50, 95, 190, 475, 950] 
AAV [1289, 2055, 2700] 766 [1, 2, 383, 766] 
VWE [1294, 1989] 695 [1, 5, 139, 695] 
WEZ [1295, 1835, 2415, 2626] 540 [1, 2, 3, 4, 5, 6, 9, 10, 12, 15, 18, 20, 27, 30, 36, 45, 54, 60, 90, 108, 135, 180, 270, 540] 
VQQ [1303, 1729] 426 [1, 2, 3, 6, 71, 142, 213, 426] 
CED [1316, 1627, 2977] 311 [1, 311] 
OST [1321, 2226] 905 [1, 5, 181, 905] 
STQ [1322, 2227] 905 [1, 5, 181, 905] 
WYA [1330, 1469] 139 [1, 139] 
HVA [1338, 2283] 945 [1, 3, 5, 7, 9, 15, 21, 27, 35, 45, 63, 105, 135, 189, 315, 945] 
QRB [1345, 2650] 1305 [1, 3, 5, 9, 15, 29, 45, 87, 145, 261, 435, 1305] 
MHM [1352, 1517, 2177, 2377] 165 [1, 3, 5, 11, 15, 33, 55, 165] 
JPI [1364, 2084] 720 [1, 2, 3, 4, 5, 6, 8, 9, 10, 12, 15, 16, 18, 20, 24, 30, 36, 40, 45, 48, 60, 72, 80, 90, 120, 144, 180, 240, 360, 720] 
QAD [1381, 1581] 200 [1, 2, 4, 5, 8, 10, 20, 25, 40, 50, 100, 200] 
ADV [1382, 1582] 200 [1, 2, 4, 5, 8, 10, 20, 25, 40, 50, 100, 200] 
TGO [1386, 2774] 1388 [1, 2, 4, 347, 694, 1388] 
GOV [1387, 2500, 2665] 1113 [1, 3, 7, 21, 53, 159, 371, 1113] 
VAP [1389, 1439] 50 [1, 2, 5, 10, 25, 50] 
GCZ [1396, 2270] 874 [1, 2, 19, 23, 38, 46, 437, 874] 
UHV [1407, 2212] 805 [1, 5, 7, 23, 35, 115, 161, 805] 
RLZ [1411, 1511] 100 [1, 2, 4, 5, 10, 20, 25, 50, 100] 
LZV [1412, 1512] 100 [1, 2, 4, 5, 10, 20, 25, 50, 100] 
CZD [1457, 1882] 425 [1, 5, 17, 25, 85, 425] 
DII [1459, 2574] 1115 [1, 5, 223, 1115] 
IEZ [1461, 2576, 2831] 1115 [1, 5, 223, 1115] 
IXA [1464, 2809] 1345 [1, 5, 269, 1345] 
OEI [1475, 1750] 275 [1, 5, 11, 25, 55, 275] 
DSV [1499, 2949] 1450 [1, 2, 5, 10, 25, 29, 50, 58, 145, 290, 725, 1450] 
EZC [1503, 2927] 1424 [1, 2, 4, 8, 16, 89, 178, 356, 712, 1424] 
MZS [1507, 2037] 530 [1, 2, 5, 10, 53, 106, 265, 530] 
QIM [1515, 2110] 595 [1, 5, 7, 17, 35, 85, 119, 595] 
IEX [1521, 2636] 1115 [1, 5, 223, 1115] 
OIM [1525, 1795] 270 [1, 2, 3, 5, 6, 9, 10, 15, 18, 27, 30, 45, 54, 90, 135, 270] 
JAE [1540, 1620] 80 [1, 2, 4, 5, 8, 10, 16, 20, 40, 80] 
FAZ [1551, 1576] 25 [1, 5, 25] 
GEZ [1556, 2365] 809 [1, 809] 
ZVN [1558, 2098] 540 [1, 2, 3, 4, 5, 6, 9, 10, 12, 15, 18, 20, 27, 30, 36, 45, 54, 60, 90, 108, 135, 180, 270, 540] 
ABV [1572, 2937] 1365 [1, 3, 5, 7, 13, 15, 21, 35, 39, 65, 91, 105, 195, 273, 455, 1365] 
NQA [1580, 2900] 1320 [1, 2, 3, 4, 5, 6, 8, 10, 11, 12, 15, 20, 22, 24, 30, 33, 40, 44, 55, 60, 66, 88, 110, 120, 132, 165, 220, 264, 330, 440, 660, 1320] 
VVU [1584, 2428] 844 [1, 2, 4, 211, 422, 844] 
VUE [1585, 1591, 1946, 2511] 6 [1, 2, 3, 6] 
UEH [1586, 2281] 695 [1, 5, 139, 695] 
AVU [1590, 2360] 770 [1, 2, 5, 7, 10, 11, 14, 22, 35, 55, 70, 77, 110, 154, 385, 770] 
QXA [1604, 2818] 1214 [1, 2, 607, 1214] 
TCE [1626, 2976] 1350 [1, 2, 3, 5, 6, 9, 10, 15, 18, 25, 27, 30, 45, 50, 54, 75, 90, 135, 150, 225, 270, 450, 675, 1350] 
DNK [1629, 2164] 535 [1, 5, 107, 535] 
KEZ [1631, 2442] 811 [1, 811] 
EZQ [1632, 1996, 2222, 2832] 364 [1, 2, 4, 7, 13, 14, 26, 28, 52, 91, 182, 364] 
IWA [1649, 2932] 1283 [1, 1283] 
GSH [1653, 2338] 685 [1, 5, 137, 685] 
DZN [1658, 2828] 1170 [1, 2, 3, 5, 6, 9, 10, 13, 15, 18, 26, 30, 39, 45, 65, 78, 90, 117, 130, 195, 234, 390, 585, 1170] 
IOS [1665, 1770] 105 [1, 3, 5, 7, 15, 21, 35, 105] 
OSZ [1666, 1771] 105 [1, 3, 5, 7, 15, 21, 35, 105] 
SZE [1667, 1772] 105 [1, 3, 5, 7, 15, 21, 35, 105] 
VGR [1677, 2684] 1007 [1, 19, 53, 1007] 
FSN [1686, 1716] 30 [1, 2, 3, 5, 6, 10, 15, 30] 
SNQ [1687, 1717, 2352] 30 [1, 2, 3, 5, 6, 10, 15, 30] 
MNS [1692, 1742] 50 [1, 2, 5, 10, 25, 50] 
VSE [1699, 2449] 750 [1, 2, 3, 5, 6, 10, 15, 25, 30, 50, 75, 125, 150, 250, 375, 750] 
SEZ [1700, 1995] 295 [1, 5, 59, 295] 
ZQP [1712, 2644] 932 [1, 2, 4, 233, 466, 932] 
AIX [1747, 2755] 1008 [1, 2, 3, 4, 6, 7, 8, 9, 12, 14, 16, 18, 21, 24, 28, 36, 42, 48, 56, 63, 72, 84, 112, 126, 144, 168, 252, 336, 504, 1008] 
IXO [1748, 2756] 1008 [1, 2, 3, 4, 6, 7, 8, 9, 12, 14, 16, 18, 21, 24, 28, 36, 42, 48, 56, 63, 72, 84, 112, 126, 144, 168, 252, 336, 504, 1008] 
WWB [1778, 2245] 467 [1, 467] 
IMQ [1781, 2876] 1095 [1, 3, 5, 15, 73, 219, 365, 1095] 
MQR [1782, 2379] 597 [1, 3, 199, 597] 
UMW [1791, 2003] 212 [1, 2, 4, 53, 106, 212] 
MWF [1797, 2507] 710 [1, 2, 5, 10, 71, 142, 355, 710] 
XSA [1809, 2423, 2563] 614 [1, 2, 307, 614] 
EYA [1824, 2518] 694 [1, 2, 347, 694] 
YAM [1825, 2582] 757 [1, 757] 
MHA [1827, 2112] 285 [1, 3, 5, 15, 19, 57, 95, 285] 
AVG [1866, 2336, 2751] 470 [1, 2, 5, 10, 47, 94, 235, 470] 
VGT [1867, 2752, 2857] 885 [1, 3, 5, 15, 59, 177, 295, 885] 
OAE [1870, 1951, 2925] 81 [1, 3, 9, 27, 81] 
QAF [1874, 2229] 355 [1, 5, 71, 355] 
JQP [1879, 2137] 258 [1, 2, 3, 6, 43, 86, 129, 258] 
IZC [1887, 2761, 2881] 874 [1, 2, 19, 23, 38, 46, 437, 874] 
IZW [1896, 2122] 226 [1, 2, 113, 226] 
QZA [1904, 2303] 399 [1, 3, 7, 19, 21, 57, 133, 399] 
TDZ [1918, 2497] 579 [1, 3, 193, 579] 
HMS [1923, 2346] 423 [1, 3, 9, 47, 141, 423] 
SRR [1925, 2640] 715 [1, 5, 11, 13, 55, 65, 143, 715] 
ZAE [1940, 2000, 2304] 60 [1, 2, 3, 4, 5, 6, 10, 12, 15, 20, 30, 60] 
UEJ [1947, 2082, 2512] 135 [1, 3, 5, 9, 15, 27, 45, 135] 
EJG [1948, 2513] 565 [1, 5, 113, 565] 
SEA [1955, 2450] 495 [1, 3, 5, 9, 11, 15, 33, 45, 55, 99, 165, 495] 
QAI [1974, 2235] 261 [1, 3, 9, 29, 87, 261] 
ESS [1978, 1993] 15 [1, 3, 5, 15] 
SSQ [1979, 2134] 155 [1, 5, 31, 155] 
ZQZ [1982, 2662] 680 [1, 2, 4, 5, 8, 10, 17, 20, 34, 40, 68, 85, 136, 170, 340, 680] 
ZII [1984, 2530] 546 [1, 2, 3, 6, 7, 13, 14, 21, 26, 39, 42, 78, 91, 182, 273, 546] 
BHV [1987, 2892] 905 [1, 5, 181, 905] 
ZQA [1997, 2987] 990 [1, 2, 3, 5, 6, 9, 10, 11, 15, 18, 22, 30, 33, 45, 55, 66, 90, 99, 110, 165, 198, 330, 495, 990] 
DZQ [2009, 2033] 24 [1, 2, 3, 4, 6, 8, 12, 24] 
QNR [2029, 2354] 325 [1, 5, 13, 25, 65, 325] 
ZMX [2043, 2603] 560 [1, 2, 4, 5, 7, 8, 10, 14, 16, 20, 28, 35, 40, 56, 70, 80, 112, 140, 280, 560] 
QTJ [2068, 2208] 140 [1, 2, 4, 5, 7, 10, 14, 20, 28, 35, 70, 140] 
PIS [2085, 2540] 455 [1, 5, 7, 13, 35, 65, 91, 455] 
EWQ [2092, 2837] 745 [1, 5, 149, 745] 
TDA [2103, 2713] 610 [1, 2, 5, 10, 61, 122, 305, 610] 
ZSE [2129, 2469] 340 [1, 2, 4, 5, 10, 17, 20, 34, 68, 85, 170, 340] 
VWA [2149, 2692] 543 [1, 3, 181, 543] 
AZE [2151, 2656] 505 [1, 5, 101, 505] 
HMQ [2156, 2378] 222 [1, 2, 3, 6, 37, 74, 111, 222] 
TXI [2174, 2307] 133 [1, 7, 19, 133] 
IIN [2191, 2916] 725 [1, 5, 25, 29, 145, 725] 
YIQ [2206, 2371] 165 [1, 3, 5, 11, 15, 33, 55, 165] 
DNQ [2219, 2899] 680 [1, 2, 4, 5, 8, 10, 17, 20, 34, 40, 68, 85, 136, 170, 340, 680] 
VJV [2232, 2466] 234 [1, 2, 3, 6, 9, 13, 18, 26, 39, 78, 117, 234] 
AYV [2285, 2715] 430 [1, 2, 5, 10, 43, 86, 215, 430] 
YVW [2286, 2716] 430 [1, 2, 5, 10, 43, 86, 215, 430] 
RLW [2321, 2556] 235 [1, 5, 47, 235] 
LWV [2322, 2557] 235 [1, 5, 47, 235] 
QLO [2326, 2823] 497 [1, 7, 71, 497] 
SHI [2339, 2874] 535 [1, 5, 107, 535] 
RBN [2356, 2651] 295 [1, 5, 59, 295] 
BND [2357, 2652] 295 [1, 5, 59, 295] 
NDA [2358, 2653] 295 [1, 5, 59, 295] 
VUW [2361, 2429] 68 [1, 2, 4, 17, 34, 68] 
BPD [2387, 2747] 360 [1, 2, 3, 4, 5, 6, 8, 9, 10, 12, 15, 18, 20, 24, 30, 36, 40, 45, 60, 72, 90, 120, 180, 360] 
PDS [2388, 2748] 360 [1, 2, 3, 4, 5, 6, 8, 9, 10, 12, 15, 18, 20, 24, 30, 36, 40, 45, 60, 72, 90, 120, 180, 360] 
DSA [2389, 2749] 360 [1, 2, 3, 4, 5, 6, 8, 9, 10, 12, 15, 18, 20, 24, 30, 36, 40, 45, 60, 72, 90, 120, 180, 360] 
IEV [2396, 2866] 470 [1, 2, 5, 10, 47, 94, 235, 470] 
ZGO [2499, 2664] 165 [1, 3, 5, 11, 15, 33, 55, 165] 
WDS [2553, 2853] 300 [1, 2, 3, 4, 5, 6, 10, 12, 15, 20, 25, 30, 50, 60, 75, 100, 150, 300] 
OXS [2562, 2800] 238 [1, 2, 7, 14, 17, 34, 119, 238] 
WAS [2693, 2933] 240 [1, 2, 3, 4, 5, 6, 8, 10, 12, 15, 16, 20, 24, 30, 40, 48, 60, 80, 120, 240] 
MSI [2759, 2879] 120 [1, 2, 3, 4, 5, 6, 8, 10, 12, 15, 20, 24, 30, 40, 60, 120] 
ZCA [2762, 2882] 120 [1, 2, 3, 4, 5, 6, 8, 10, 12, 15, 20, 24, 30, 40, 60, 120] 
POAY [29, 219] 190 [1, 2, 5, 10, 19, 38, 95, 190] 
OAYT [30, 220] 190 [1, 2, 5, 10, 19, 38, 95, 190] 
AYTC [31, 221] 190 [1, 2, 5, 10, 19, 38, 95, 190] 
JFED [85, 2025] 1940 [1, 2, 4, 5, 10, 20, 97, 194, 388, 485, 970, 1940] 
FEDQ [86, 2026] 1940 [1, 2, 4, 5, 10, 20, 97, 194, 388, 485, 970, 1940] 
EDQN [87, 2027] 1940 [1, 2, 4, 5, 10, 20, 97, 194, 388, 485, 970, 1940] 
PCJT [125, 2735] 2610 [1, 2, 3, 5, 6, 9, 10, 15, 18, 29, 30, 45, 58, 87, 90, 145, 174, 261, 290, 435, 522, 870, 1305, 2610] 
CJTJ [126, 2736] 2610 [1, 2, 3, 5, 6, 9, 10, 15, 18, 29, 30, 45, 58, 87, 90, 145, 174, 261, 290, 435, 522, 870, 1305, 2610] 
XIMH [160, 2175] 2015 [1, 5, 13, 31, 65, 155, 403, 2015] 
IMHF [161, 486] 325 [1, 5, 13, 25, 65, 325] 
FAYK [164, 1369] 1205 [1, 5, 241, 1205] 
AYKS [165, 1370] 1205 [1, 5, 241, 1205] 
YKSD [166, 1371] 1205 [1, 5, 241, 1205] 
KSDA [167, 1372] 1205 [1, 5, 241, 1205] 
SEVG [175, 1225] 1050 [1, 2, 3, 5, 6, 7, 10, 14, 15, 21, 25, 30, 35, 42, 50, 70, 75, 105, 150, 175, 210, 350, 525, 1050] 
LQWM [179, 2599] 2420 [1, 2, 4, 5, 10, 11, 20, 22, 44, 55, 110, 121, 220, 242, 484, 605, 1210, 2420] 
CFYZ [185, 570, 2910] 385 [1, 5, 7, 11, 35, 55, 77, 385] 
FYZM [186, 571, 2911] 385 [1, 5, 7, 11, 35, 55, 77, 385] 
ZMHH [188, 533] 345 [1, 3, 5, 15, 23, 69, 115, 345] 
CTHV [246, 511] 265 [1, 5, 53, 265] 
KHDN [257, 2162] 1905 [1, 3, 5, 15, 127, 381, 635, 1905] 
YMZM [261, 2041] 1780 [1, 2, 4, 5, 10, 20, 89, 178, 356, 445, 890, 1780] 
ZMIF [263, 1598] 1335 [1, 3, 5, 15, 89, 267, 445, 1335] 
MIFE [264, 1599] 1335 [1, 3, 5, 15, 89, 267, 445, 1335] 
IFEH [265, 1600] 1335 [1, 3, 5, 15, 89, 267, 445, 1335] 
FEHQ [266, 1601, 1636] 1335 [1, 3, 5, 15, 89, 267, 445, 1335] 
QEEH [270, 1855] 1585 [1, 5, 317, 1585] 
EEHB [271, 2631] 2360 [1, 2, 4, 5, 8, 10, 20, 40, 59, 118, 236, 295, 472, 590, 1180, 2360] 
AFZO [280, 1340] 1060 [1, 2, 4, 5, 10, 20, 53, 106, 212, 265, 530, 1060] 
FZOV [281, 1341] 1060 [1, 2, 4, 5, 10, 20, 53, 106, 212, 265, 530, 1060] 
VUAE [284, 394] 110 [1, 2, 5, 10, 11, 22, 55, 110] 
SATB [320, 1530] 1210 [1, 2, 5, 10, 11, 22, 55, 110, 121, 242, 605, 1210] 
ATBK [321, 1531] 1210 [1, 2, 5, 10, 11, 22, 55, 110, 121, 242, 605, 1210] 
AEHL [341, 1541, 1621] 1200 [1, 2, 3, 4, 5, 6, 8, 10, 12, 15, 16, 20, 24, 25, 30, 40, 48, 50, 60, 75, 80, 100, 120, 150, 200, 240, 300, 400, 600, 1200] 
MXXM [359, 2044] 1685 [1, 5, 337, 1685] 
XXMH [360, 2045] 1685 [1, 5, 337, 1685] 
XMHL [361, 2046] 1685 [1, 5, 337, 1685] 
MHLJ [362, 2047] 1685 [1, 5, 337, 1685] 
NWFH [370, 2970] 2600 [1, 2, 4, 5, 8, 10, 13, 20, 25, 26, 40, 50, 52, 65, 100, 104, 130, 200, 260, 325, 520, 650, 1300, 2600] 
WFHD [371, 2971] 2600 [1, 2, 4, 5, 8, 10, 13, 20, 25, 26, 40, 50, 52, 65, 100, 104, 130, 200, 260, 325, 520, 650, 1300, 2600] 
FHDS [372, 2972] 2600 [1, 2, 4, 5, 8, 10, 13, 20, 25, 26, 40, 50, 52, 65, 100, 104, 130, 200, 260, 325, 520, 650, 1300, 2600] 
QAHV [386, 2901] 2515 [1, 5, 503, 2515] 
MOVJ [400, 1325, 1670] 925 [1, 5, 25, 37, 185, 925] 
OVJA [401, 1326, 1671] 925 [1, 5, 25, 37, 185, 925] 
AEQW [412, 1466] 1054 [1, 2, 17, 31, 34, 62, 527, 1054] 
UEZF [421, 876] 455 [1, 5, 7, 13, 35, 65, 91, 455] 
XASQ [435, 880] 445 [1, 5, 89, 445] 
AIFE [441, 2114] 1673 [1, 7, 239, 1673] 
IDQN [482, 1307] 825 [1, 3, 5, 11, 15, 25, 33, 55, 75, 165, 275, 825] 
NIMH [485, 1140] 655 [1, 5, 131, 655] 
UMZX [516, 2981] 2465 [1, 5, 17, 29, 85, 145, 493, 2465] 
MPAM [594, 2584, 2589] 1990 [1, 2, 5, 10, 199, 398, 995, 1990] 
XWEW [600, 1280] 680 [1, 2, 4, 5, 8, 10, 17, 20, 34, 40, 68, 85, 136, 170, 340, 680] 
WEWM [601, 1281] 680 [1, 2, 4, 5, 8, 10, 17, 20, 34, 40, 68, 85, 136, 170, 340, 680] 
IWTZ [605, 995] 390 [1, 2, 3, 5, 6, 10, 13, 15, 26, 30, 39, 65, 78, 130, 195, 390] 
IRBZ [630, 800] 170 [1, 2, 5, 10, 17, 34, 85, 170] 
RBZD [631, 1346] 715 [1, 5, 11, 13, 55, 65, 143, 715] 
KCEI [654, 964] 310 [1, 2, 5, 10, 31, 62, 155, 310] 
CEID [655, 965, 1000] 310 [1, 2, 5, 10, 31, 62, 155, 310] 
EIDR [666, 926] 260 [1, 2, 4, 5, 10, 13, 20, 26, 52, 65, 130, 260] 
AVJX [710, 2565] 1855 [1, 5, 7, 35, 53, 265, 371, 1855] 
ZECS [727, 2657] 1930 [1, 2, 5, 10, 193, 386, 965, 1930] 
LZQE [814, 2254] 1440 [1, 2, 3, 4, 5, 6, 8, 9, 10, 12, 15, 16, 18, 20, 24, 30, 32, 36, 40, 45, 48, 60, 72, 80, 90, 96, 120, 144, 160, 180, 240, 288, 360, 480, 720, 1440] 
AMHQ [891, 2726] 1835 [1, 5, 367, 1835] 
RTEI [924, 929] 5 [1, 5] 
ZOSU [935, 1705] 770 [1, 2, 5, 7, 10, 11, 14, 22, 35, 55, 70, 77, 110, 154, 385, 770] 
KJDV [1016, 2166] 1150 [1, 2, 5, 10, 23, 25, 46, 50, 115, 230, 575, 1150] 
JDVY [1017, 2167] 1150 [1, 2, 5, 10, 23, 25, 46, 50, 115, 230, 575, 1150] 
NKJZ [1045, 1111] 66 [1, 2, 3, 6, 11, 22, 33, 66] 
DMTA [1053, 2723] 1670 [1, 2, 5, 10, 167, 334, 835, 1670] 
MTAM [1054, 2724] 1670 [1, 2, 5, 10, 167, 334, 835, 1670] 
HVTD [1080, 1736, 2495] 656 [1, 2, 4, 8, 16, 41, 82, 164, 328, 656] 
AVBA [1091, 1290] 199 [1, 199] 
AEDQ [1122, 1941] 819 [1, 3, 7, 9, 13, 21, 39, 63, 91, 117, 273, 819] 
RAAC [1169, 2419] 1250 [1, 2, 5, 10, 25, 50, 125, 250, 625, 1250] 
OAMW [1200, 2505] 1305 [1, 3, 5, 9, 15, 29, 45, 87, 145, 261, 435, 1305] 
WOUG [1230, 2770] 1540 [1, 2, 4, 5, 7, 10, 11, 14, 20, 22, 28, 35, 44, 55, 70, 77, 110, 140, 154, 220, 308, 385, 770, 1540] 
SIVG [1265, 2855] 1590 [1, 2, 3, 5, 6, 10, 15, 30, 53, 106, 159, 265, 318, 530, 795, 1590] 
WEZE [1295, 1835] 540 [1, 2, 3, 4, 5, 6, 9, 10, 12, 15, 18, 20, 27, 30, 36, 45, 54, 60, 90, 108, 135, 180, 270, 540] 
OSTQ [1321, 2226] 905 [1, 5, 181, 905] 
QADV [1381, 1581] 200 [1, 2, 4, 5, 8, 10, 20, 25, 40, 50, 100, 200] 
UHVN [1407, 2212] 805 [1, 5, 7, 23, 35, 115, 161, 805] 
RLZV [1411, 1511] 100 [1, 2, 4, 5, 10, 20, 25, 50, 100] 
DIIE [1459, 2574] 1115 [1, 5, 223, 1115] 
IIEZ [1460, 2575] 1115 [1, 5, 223, 1115] 
IXAE [1464, 2809] 1345 [1, 5, 269, 1345] 
XAEQ [1465, 2810] 1345 [1, 5, 269, 1345] 
QIMH [1515, 2110] 595 [1, 5, 7, 17, 35, 85, 119, 595] 
IMHM [1516, 2176] 660 [1, 2, 3, 4, 5, 6, 10, 11, 12, 15, 20, 22, 30, 33, 44, 55, 60, 66, 110, 132, 165, 220, 330, 660] 
JAEH [1540, 1620] 80 [1, 2, 4, 5, 8, 10, 16, 20, 40, 80] 
EHLA [1542, 1622] 80 [1, 2, 4, 5, 8, 10, 16, 20, 40, 80] 
EHQX [1602, 1637] 35 [1, 5, 7, 35] 
TCED [1626, 2976] 1350 [1, 2, 3, 5, 6, 9, 10, 15, 18, 25, 27, 30, 45, 50, 54, 75, 90, 135, 150, 225, 270, 450, 675, 1350] 
IOSZ [1665, 1770] 105 [1, 3, 5, 7, 15, 21, 35, 105] 
OSZE [1666, 1771] 105 [1, 3, 5, 7, 15, 21, 35, 105] 
FSNQ [1686, 1716] 30 [1, 2, 3, 5, 6, 10, 15, 30] 
AIXO [1747, 2755] 1008 [1, 2, 3, 4, 6, 7, 8, 9, 12, 14, 16, 18, 21, 24, 28, 36, 42, 48, 56, 63, 72, 84, 112, 126, 144, 168, 252, 336, 504, 1008] 
SAVG [1865, 2335, 2750] 470 [1, 2, 5, 10, 47, 94, 235, 470] 
AVGT [1866, 2751] 885 [1, 3, 5, 15, 59, 177, 295, 885] 
JAIZ [1894, 2739] 845 [1, 5, 13, 65, 169, 845] 
AIZW [1895, 2121] 226 [1, 2, 113, 226] 
GVUE [1945, 2510] 565 [1, 5, 113, 565] 
VUEJ [1946, 2511] 565 [1, 5, 113, 565] 
UEJG [1947, 2512] 565 [1, 5, 113, 565] 
QWMZ [2035, 2600] 565 [1, 5, 113, 565] 
MZMX [2042, 2602] 560 [1, 2, 4, 5, 7, 8, 10, 14, 16, 20, 28, 35, 40, 56, 70, 80, 112, 140, 280, 560] 
JIEH [2050, 2805] 755 [1, 5, 151, 755] 
VTDA [2102, 2712] 610 [1, 2, 5, 10, 61, 122, 305, 610] 
AZEC [2151, 2656] 505 [1, 5, 101, 505] 
ZDNQ [2218, 2898] 680 [1, 2, 4, 5, 8, 10, 17, 20, 34, 40, 68, 85, 136, 170, 340, 680] 
AYVW [2285, 2715] 430 [1, 2, 5, 10, 43, 86, 215, 430] 
RLWV [2321, 2556] 235 [1, 5, 47, 235] 
RBND [2356, 2651] 295 [1, 5, 59, 295] 
BNDA [2357, 2652] 295 [1, 5, 59, 295] 
BPDS [2387, 2747] 360 [1, 2, 3, 4, 5, 6, 8, 9, 10, 12, 15, 18, 20, 24, 30, 36, 40, 45, 60, 72, 90, 120, 180, 360] 
PDSA [2388, 2748] 360 [1, 2, 3, 4, 5, 6, 8, 9, 10, 12, 15, 18, 20, 24, 30, 36, 40, 45, 60, 72, 90, 120, 180, 360] 
ZGOV [2499, 2664] 165 [1, 3, 5, 11, 15, 33, 55, 165] 
SAVJ [2564, 2765] 201 [1, 3, 67, 201] 
VGTA [2752, 2857] 105 [1, 3, 5, 7, 15, 21, 35, 105] 
MSIZ [2759, 2879] 120 [1, 2, 3, 4, 5, 6, 8, 10, 12, 15, 20, 24, 30, 40, 60, 120] 
SIZC [2760, 2880] 120 [1, 2, 3, 4, 5, 6, 8, 10, 12, 15, 20, 24, 30, 40, 60, 120] 
IZCA [2761, 2881] 120 [1, 2, 3, 4, 5, 6, 8, 10, 12, 15, 20, 24, 30, 40, 60, 120] 
POAYT [29, 219] 190 [1, 2, 5, 10, 19, 38, 95, 190] 
OAYTC [30, 220] 190 [1, 2, 5, 10, 19, 38, 95, 190] 
JFEDQ [85, 2025] 1940 [1, 2, 4, 5, 10, 20, 97, 194, 388, 485, 970, 1940] 
FEDQN [86, 2026] 1940 [1, 2, 4, 5, 10, 20, 97, 194, 388, 485, 970, 1940] 
PCJTJ [125, 2735] 2610 [1, 2, 3, 5, 6, 9, 10, 15, 18, 29, 30, 45, 58, 87, 90, 145, 174, 261, 290, 435, 522, 870, 1305, 2610] 
FAYKS [164, 1369] 1205 [1, 5, 241, 1205] 
AYKSD [165, 1370] 1205 [1, 5, 241, 1205] 
YKSDA [166, 1371] 1205 [1, 5, 241, 1205] 
CFYZM [185, 570, 2910] 385 [1, 5, 7, 11, 35, 55, 77, 385] 
ZMIFE [263, 1598] 1335 [1, 3, 5, 15, 89, 267, 445, 1335] 
MIFEH [264, 1599] 1335 [1, 3, 5, 15, 89, 267, 445, 1335] 
IFEHQ [265, 1600] 1335 [1, 3, 5, 15, 89, 267, 445, 1335] 
AFZOV [280, 1340] 1060 [1, 2, 4, 5, 10, 20, 53, 106, 212, 265, 530, 1060] 
SATBK [320, 1530] 1210 [1, 2, 5, 10, 11, 22, 55, 110, 121, 242, 605, 1210] 
MXXMH [359, 2044] 1685 [1, 5, 337, 1685] 
XXMHL [360, 2045] 1685 [1, 5, 337, 1685] 
XMHLJ [361, 2046] 1685 [1, 5, 337, 1685] 
NWFHD [370, 2970] 2600 [1, 2, 4, 5, 8, 10, 13, 20, 25, 26, 40, 50, 52, 65, 100, 104, 130, 200, 260, 325, 520, 650, 1300, 2600] 
WFHDS [371, 2971] 2600 [1, 2, 4, 5, 8, 10, 13, 20, 25, 26, 40, 50, 52, 65, 100, 104, 130, 200, 260, 325, 520, 650, 1300, 2600] 
MOVJA [400, 1325, 1670] 925 [1, 5, 25, 37, 185, 925] 
XWEWM [600, 1280] 680 [1, 2, 4, 5, 8, 10, 17, 20, 34, 40, 68, 85, 136, 170, 340, 680] 
KCEID [654, 964] 310 [1, 2, 5, 10, 31, 62, 155, 310] 
KJDVY [1016, 2166] 1150 [1, 2, 5, 10, 23, 25, 46, 50, 115, 230, 575, 1150] 
DMTAM [1053, 2723] 1670 [1, 2, 5, 10, 167, 334, 835, 1670] 
DIIEZ [1459, 2574] 1115 [1, 5, 223, 1115] 
IXAEQ [1464, 2809] 1345 [1, 5, 269, 1345] 
JAEHL [1540, 1620] 80 [1, 2, 4, 5, 8, 10, 16, 20, 40, 80] 
AEHLA [1541, 1621] 80 [1, 2, 4, 5, 8, 10, 16, 20, 40, 80] 
FEHQX [1601, 1636] 35 [1, 5, 7, 35] 
IOSZE [1665, 1770] 105 [1, 3, 5, 7, 15, 21, 35, 105] 
SAVGT [1865, 2750] 885 [1, 3, 5, 15, 59, 177, 295, 885] 
GVUEJ [1945, 2510] 565 [1, 5, 113, 565] 
VUEJG [1946, 2511] 565 [1, 5, 113, 565] 
RBNDA [2356, 2651] 295 [1, 5, 59, 295] 
BPDSA [2387, 2747] 360 [1, 2, 3, 4, 5, 6, 8, 9, 10, 12, 15, 18, 20, 24, 30, 36, 40, 45, 60, 72, 90, 120, 180, 360] 
MSIZC [2759, 2879] 120 [1, 2, 3, 4, 5, 6, 8, 10, 12, 15, 20, 24, 30, 40, 60, 120] 
SIZCA [2760, 2880] 120 [1, 2, 3, 4, 5, 6, 8, 10, 12, 15, 20, 24, 30, 40, 60, 120] 
POAYTC [29, 219] 190 [1, 2, 5, 10, 19, 38, 95, 190] 
JFEDQN [85, 2025] 1940 [1, 2, 4, 5, 10, 20, 97, 194, 388, 485, 970, 1940] 
FAYKSD [164, 1369] 1205 [1, 5, 241, 1205] 
AYKSDA [165, 1370] 1205 [1, 5, 241, 1205] 
ZMIFEH [263, 1598] 1335 [1, 3, 5, 15, 89, 267, 445, 1335] 
MIFEHQ [264, 1599] 1335 [1, 3, 5, 15, 89, 267, 445, 1335] 
MXXMHL [359, 2044] 1685 [1, 5, 337, 1685] 
XXMHLJ [360, 2045] 1685 [1, 5, 337, 1685] 
NWFHDS [370, 2970] 2600 [1, 2, 4, 5, 8, 10, 13, 20, 25, 26, 40, 50, 52, 65, 100, 104, 130, 200, 260, 325, 520, 650, 1300, 2600] 
JAEHLA [1540, 1620] 80 [1, 2, 4, 5, 8, 10, 16, 20, 40, 80] 
GVUEJG [1945, 2510] 565 [1, 5, 113, 565] 
MSIZCA [2759, 2879] 120 [1, 2, 3, 4, 5, 6, 8, 10, 12, 15, 20, 24, 30, 40, 60, 120] 
FAYKSDA [164, 1369] 1205 [1, 5, 241, 1205] 
ZMIFEHQ [263, 1598] 1335 [1, 3, 5, 15, 89, 267, 445, 1335] 
MXXMHLJ [359, 2044] 1685 [1, 5, 337, 1685] 
